TYPE GCVRP
DIMENSION 13
CAPACITY 6000
NUMBER_OF_VEHICLES 4
EDGE_WEIGHT_SECTION
0 2037 47 48 54 65 51 69 57 55 69 7861 47
2037 0 51 51 57 65 53 11371 96 65 91 70 7263
47 51 0 49 62 43 71 42 84 65 6482 41 42
48 51 49 0 58 43 54 46 66 78 57 3111 41
54 57 62 58 0 52 10375 64 57 13404 53 48 50
65 65 43 43 52 0 61 6464 46 10934 46 49 47
51 53 71 54 10375 61 0 5815 5905 50 54 5593 44
69 11371 42 46 64 6464 5815 0 58 57 47 58 43
57 96 84 66 57 46 5905 58 0 7022 4927 45 5625
55 65 65 78 13404 10934 50 57 7022 0 63 50 45
69 91 6482 57 53 46 54 47 4927 63 0 44 44
7861 70 41 3111 48 49 5593 58 45 50 44 0 43
47 7263 42 41 50 47 44 43 5625 45 44 43 0
TYPE_OF_ARC
-1 0 0 0 1 1 0 0 2 0 2 1 1
0 -1 1 2 1 1 1 0 2 1 1 0 2
0 1 -1 0 2 0 0 2 1 2 0 1 2
0 2 0 -1 0 0 0 0 2 1 2 1 1
1 1 2 0 -1 1 1 2 0 2 0 1 2
1 1 0 0 1 -1 2 1 1 1 2 0 2
0 1 0 0 1 2 -1 0 1 2 2 0 1
0 0 2 0 2 1 0 -1 2 2 1 1 0
2 2 1 2 0 1 1 2 -1 1 0 0 1
0 1 2 1 2 1 2 2 1 -1 1 1 0
2 1 0 2 0 2 2 1 0 1 -1 0 2
1 0 1 1 1 0 0 1 0 1 0 -1 1
1 2 2 1 2 2 1 0 1 0 2 1 -1
CONDITION_OF_ARC
-1 5 0 1 1 0 3 3 2 3 3 5 2
5 -1 0 1 2 2 0 5 4 3 4 4 5
0 0 -1 2 2 0 4 2 4 0 5 2 2
1 1 2 -1 0 2 2 2 2 4 2 5 1
1 2 2 0 -1 0 5 4 1 5 0 0 3
0 2 0 2 0 -1 1 5 0 5 0 3 1
3 0 4 2 5 1 -1 5 5 2 4 5 2
3 5 2 2 4 5 5 -1 0 0 2 3 2
2 4 4 2 1 0 5 0 -1 5 5 0 5
3 3 0 4 5 5 2 0 5 -1 4 3 0
3 4 5 2 0 0 4 2 5 4 -1 3 1
5 4 2 5 0 3 5 3 0 3 3 -1 1
2 5 2 1 3 1 2 2 5 0 1 1 -1
DISTANCE
0 9 14 23 32 50 21 49 30 27 35 28 18
9 0 21 22 36 52 24 51 36 37 41 30 20
14 21 0 25 38 5 31 7 36 43 29 7 6
23 22 25 0 42 12 35 17 44 31 31 11 6
32 36 38 42 0 22 37 16 46 37 29 13 14
50 52 5 12 22 0 41 23 10 39 9 17 16
21 24 31 35 37 41 0 26 21 19 10 25 12
49 51 7 17 16 23 26 0 30 28 16 27 12
30 36 36 44 46 10 21 30 0 25 22 10 20
27 37 43 31 37 39 19 28 25 0 20 16 8
35 41 29 31 29 9 10 16 22 20 0 10 10
28 30 7 11 13 17 25 27 10 16 10 0 10
18 20 6 6 14 16 12 12 20 8 10 10 0
DAMAGES
0.1 0.1 0.1
0.1 0.25 0.25
0.1 0.25 0.25
0.1 0.25 0.5
0.1 0.25 0.5
0.1 0.5 0.75
DEMAND_SECTION
1 0
2 1200
3 1700
4 1500
5 1400
6 1700
7 1400
8 1200
9 1900
10 1800
11 1600
12 1700
13 1100
