TYPE GCVRP
DIMENSION 13
CAPACITY 6000
UMBER_OF_VEHICLES 4
EDGE_WEIGHT_SECTION
 0 25 198407 178569 101091 112326 99217 99221 44948 99218 28106 29 89859
 25 0 112320 50560 89863 89867 112321 32 14070 56176 28105 49623 29
 198407 112320 0 158731 44950 198406 49624 44941 28104 56183 28 89857 44941
 178569 50560 158731 0 198412 158729 158733 158730 44952 28103 44948 26 101086
 101091 89863 44950 198412 0 112321 31 14064 178572 34 198410 112319 28100
 112326 89867 198406 158729 112321 0 50565 28 112318 32 56173 99216 50558
 99217 112321 49624 158733 31 50565 0 28 28 44945 14063 28 89858
 99221 32 44941 158730 14064 28 28 0 56179 56179 89859 56174 158729
 44948 14070 28104 44952 178572 112318 28 56179 0 29 27 198407 28
 99218 56176 56183 28103 34 32 44945 56179 29 0 28100 56172 198406
 28106 28105 28 44948 198410 56173 14063 89859 27 28100 0 99215 50557
 29 49623 89857 26 112319 99216 28 56174 198407 56172 99215 0 101087
 89859 29 44941 101086 28100 50558 89858 158729 28 198406 50557 101087 0
TYPE_OF_ARC
 -1 0 0 0 1 1 0 0 2 0 2 1 1
 0 -1 1 2 1 1 1 0 2 1 1 0 2
 0 1 -1 0 2 0 0 2 1 2 0 1 2
 0 2 0 -1 0 0 0 0 2 1 2 1 1
 1 1 2 0 -1 1 1 2 0 2 0 1 2
 1 1 0 0 1 -1 2 1 1 1 2 0 2
 0 1 0 0 1 2 -1 0 1 2 2 0 1
 0 0 2 0 2 1 0 -1 2 2 1 1 0
 2 2 1 2 0 1 1 2 -1 1 0 0 1
 0 1 2 1 2 1 2 2 1 -1 1 1 0
 2 1 0 2 0 2 2 1 0 1 -1 0 2
 1 0 1 1 1 0 0 1 0 1 0 -1 1
 1 2 2 1 2 2 1 0 1 0 2 1 -1
CONDITION_OF_ARC
 -1 5 0 1 1 0 3 3 2 3 3 5 2
 5 -1 0 1 2 2 0 5 4 3 4 4 5
 0 0 -1 2 2 0 4 2 4 0 5 2 2
 1 1 2 -1 0 2 2 2 2 4 2 5 1
 1 2 2 0 -1 0 5 4 1 5 0 0 3
 0 2 0 2 0 -1 1 5 0 5 0 3 1
 3 0 4 2 5 1 -1 5 5 2 4 5 2
 3 5 2 2 4 5 5 -1 0 0 2 3 2
 2 4 4 2 1 0 5 0 -1 5 5 0 5
 3 3 0 4 5 5 2 0 5 -1 4 3 0
 3 4 5 2 0 0 4 2 5 4 -1 3 1
 5 4 2 5 0 3 5 3 0 3 3 -1 1
 2 5 2 1 3 1 2 2 5 0 1 1 -1
DISTANCE
 0 9 14 23 32 50 21 49 30 27 35 28 18
 9 0 21 22 36 52 24 51 36 37 41 30 20
 14 21 0 25 38 5 31 7 36 43 29 7 6
 23 22 25 0 42 12 35 17 44 31 31 11 6
 32 36 38 42 0 22 37 16 46 37 29 13 14
 50 52 5 12 22 0 41 23 10 39 9 17 16
 21 24 31 35 37 41 0 26 21 19 10 25 12
 49 51 7 17 16 23 26 0 30 28 16 27 12
 30 36 36 44 46 10 21 30 0 25 22 10 20
 27 37 43 31 37 39 19 28 25 0 20 16 8
 35 41 29 31 29 9 10 16 22 20 0 10 10
 28 30 7 11 13 17 25 27 10 16 10 0 10
 18 20 6 6 14 16 12 12 20 8 10 10 0
DAMAGES
 0.1 0.1 0.1
 0.1 0.25 0.25
 0.1 0.25 0.25
 0.1 0.25 0.5
 0.1 0.25 0.5
 0.1 0.5 0.75
DEMAND_SECTION
1 0
2 1200
3 1700
4 1500
5 1400
6 1700
7 1400
8 1200
9 1900
10 1800
11 1600
12 1700
13 1100
