TYPE GCVRP
DIMENSION 22
CAPACITY 6000
NUMBER_OF_VEHICLES 4
EDGE_WEIGHT_SECTION
0 69 61 58 57 10095 52 52 8708 50 51 6464 43 48 45 52 49 7986 51 6704 53 11959
69 0 2273 8347 7022 5625 47 49 9430 60 62 58 65 71 73 80 64 69 115 83 78 18261
61 2273 0 6482 67 43 58 68 7582 52 6926 12052 65 63 64 19184 20629 73 69 21830 85 22668
58 8347 6482 0 482 59 49 59 50 55 56 52 96 8927 58 73 13728 22797 81 18198 133 71
57 7022 67 482 0 9816 47 58 4260 13766 51 65 15933 62 17017 15684 13169 17081 24964 69 103 128
10095 5625 43 59 9816 0 48 43 54 47 57 62 55 63 61 58 64 98 95 69 94 24964
52 47 58 49 47 48 0 47 41 6901 46 51 55 56 13766 58 59 14845 66 114 67 67
52 49 68 59 58 43 47 0 52 42 46 9537 49 92 8260 60 81 14007 91 13594 89 71
8708 9430 7582 50 4260 54 41 52 0 5905 41 55 50 7861 60 62 55 12890 91 14287 12261 62
50 60 52 55 13766 47 6901 42 5905 0 48 9816 46 58 58 7861 61 64 61 132 65 16521
51 62 6926 56 51 57 46 46 41 48 0 47 48 54 53 74 51 59 61 17017 13169 14007
6464 58 12052 52 65 62 51 9537 55 9816 47 0 78 4788 75 58 56 9371 85 60 124 62
43 65 65 96 15933 55 55 49 50 46 48 78 0 55 3670 44 6540 51 78 59 7150 13766
48 71 63 8927 62 63 56 92 7861 58 54 4788 55 0 48 69 5095 67 57 9069 87 54
45 73 64 58 17017 61 13766 8260 60 58 53 75 3670 48 0 51 44 3371 75 64 50 52
52 80 19184 73 15684 58 58 60 62 7861 74 58 44 69 51 0 51 6185 48 55 52 53
49 64 20629 13728 13169 64 59 81 55 61 51 56 6540 5095 44 51 0 60 52 7263 52 8708
7986 69 73 22797 17081 98 14845 14007 12890 64 59 9371 51 67 3371 6185 60 0 49 50 46 2927
51 115 69 81 24964 95 66 91 91 61 61 85 78 57 75 48 52 49 0 61 48 52
6704 83 21830 18198 69 69 114 13594 14287 132 17017 60 59 9069 64 55 7263 50 61 0 5815 48
53 78 85 133 103 94 67 89 12261 65 13169 124 7150 87 50 52 52 46 48 5815 0 5818
11959 18261 22668 71 128 24964 67 71 62 16521 14007 62 13766 54 52 53 8708 2927 52 48 5818 0
TYPE_OF_ARC
-1 0 0 0 1 1 0 0 2 0 2 1 1 2 1 2 1 2 0 0 1 2
0 -1 1 2 1 1 1 0 2 1 1 0 2 0 0 1 0 0 0 2 1 0
0 1 -1 0 2 0 0 2 1 2 0 1 2 0 1 2 2 1 0 1 2 1
0 2 0 -1 0 0 0 0 2 1 2 1 1 0 0 2 1 2 2 1 1 0
1 1 2 0 -1 1 1 2 0 2 0 1 2 0 2 1 1 1 2 1 2 1
1 1 0 0 1 -1 2 1 1 1 2 0 2 1 1 0 2 0 0 0 2 2
0 1 0 0 1 2 -1 0 1 2 2 0 1 0 2 0 1 1 1 1 0 0
0 0 2 0 2 1 0 -1 2 2 1 1 0 1 0 2 0 1 0 0 2 1
2 2 1 2 0 1 1 2 -1 1 0 0 1 1 1 0 0 1 0 1 0 0
0 1 2 1 2 1 2 2 1 -1 1 1 0 0 2 1 2 2 1 2 1 1
2 1 0 2 0 2 2 1 0 1 -1 0 2 0 1 1 1 1 1 2 1 1
1 0 1 1 1 0 0 1 0 1 0 -1 1 1 1 0 2 0 2 1 2 0
1 2 2 1 2 2 1 0 1 0 2 1 -1 0 1 1 2 1 2 1 0 2
2 0 0 0 0 1 0 1 1 0 0 1 0 -1 2 2 2 0 1 2 1 1
1 0 1 0 2 1 2 0 1 2 1 1 1 2 -1 2 2 0 2 0 1 2
2 1 2 2 1 0 0 2 0 1 1 0 1 2 2 -1 0 1 1 0 2 0
1 0 2 1 1 2 1 0 0 2 1 2 2 2 2 0 -1 2 2 2 0 2
2 0 1 2 1 0 1 1 1 2 1 0 1 0 0 1 2 -1 2 1 0 0
0 0 0 2 2 0 1 0 0 1 1 2 2 1 2 1 2 2 -1 2 2 0
0 2 1 1 1 0 1 0 1 2 2 1 1 2 0 0 2 1 2 -1 0 2
1 1 2 1 2 2 0 2 0 1 1 2 0 1 1 2 0 0 2 0 -1 2
2 0 1 0 1 2 0 1 0 1 1 0 2 1 2 0 2 0 0 2 2 -1
CONDITION_OF_ARC
-1 3 0 0 1 5 2 2 5 2 0 5 1 2 0 0 4 5 2 5 1 5
3 -1 5 5 5 5 2 2 5 3 3 0 1 3 3 3 2 1 4 1 0 5
0 5 -1 5 3 1 4 4 5 1 5 5 0 2 1 5 5 0 0 5 2 5
0 5 5 -1 5 3 0 3 2 1 2 0 4 5 1 0 5 5 2 5 4 2
1 5 3 5 -1 5 1 1 5 5 2 4 5 3 5 5 5 5 5 1 3 4
5 5 1 3 5 -1 1 0 3 0 3 3 1 0 0 0 1 4 4 0 3 5
2 2 4 0 1 1 -1 3 1 5 1 0 0 0 5 0 2 5 0 4 0 0
2 2 4 3 1 0 3 -1 0 2 1 5 2 4 5 0 4 5 4 5 3 0
5 5 5 2 5 3 1 0 -1 5 1 4 1 5 3 3 0 5 4 5 5 1
2 3 1 1 5 0 5 2 5 -1 0 5 1 0 2 5 0 1 2 4 2 5
0 3 5 2 2 3 1 1 1 0 -1 2 1 3 0 4 2 2 0 5 5 5
5 0 5 0 4 3 0 5 4 5 2 -1 4 5 4 0 2 5 3 2 4 0
1 1 0 4 5 1 0 2 1 1 1 4 -1 3 5 1 5 2 4 0 5 5
2 3 2 5 3 0 0 4 5 0 3 5 3 -1 1 3 5 4 1 5 4 1
0 3 1 1 5 0 5 5 3 2 0 4 5 1 -1 0 0 5 4 4 2 1
0 3 5 0 5 0 0 0 3 5 4 0 1 3 0 -1 0 5 0 1 1 1
4 2 5 5 5 1 2 4 0 0 2 2 5 5 0 0 -1 4 1 5 0 5
5 1 0 5 5 4 5 5 5 1 2 5 2 4 5 5 4 -1 2 0 0 5
2 4 0 2 5 4 0 4 4 2 0 3 4 1 4 0 1 2 -1 0 0 0
5 1 5 5 1 0 4 5 5 4 5 2 0 5 4 1 5 0 0 -1 5 0
1 0 2 4 3 3 0 3 5 2 5 4 5 4 2 1 0 0 0 5 -1 5
5 5 5 2 4 5 0 0 1 5 5 0 5 1 1 1 5 5 0 0 5 -1
DISTANCE
0 49 48 41 40 36 31 31 24 27 17 23 11 16 7 20 9 22 29 30 31 33
49 0 8 23 25 20 18 24 26 30 32 40 47 54 56 57 58 71 72 78 79 82
48 8 0 29 32 14 19 19 27 25 31 43 44 55 54 53 57 69 68 78 76 81
41 23 29 0 2 33 17 33 19 37 28 23 45 40 48 57 49 63 69 65 73 72
40 25 32 2 0 35 18 34 19 38 28 21 44 38 47 56 47 61 69 63 72 70
36 20 14 33 35 0 17 5 22 11 21 38 30 47 42 39 46 56 54 67 62 69
31 18 19 17 18 17 0 15 8 19 14 23 30 36 38 42 40 53 55 59 61 64
31 24 19 33 34 5 15 0 19 6 16 34 25 42 37 34 41 50 49 61 57 63
24 26 27 19 19 22 8 19 0 21 9 16 26 28 31 38 33 46 50 51 55 57
27 30 25 37 38 11 19 6 21 0 15 35 20 40 32 28 37 45 43 58 51 59
17 32 31 28 28 21 14 16 9 15 0 20 17 26 24 28 26 39 42 47 47 50
23 40 43 23 21 38 23 34 16 35 20 0 31 17 29 42 28 42 52 42 53 50
11 47 44 45 44 30 30 25 26 20 17 31 0 27 13 12 18 25 25 38 32 38
16 54 55 40 38 47 36 42 28 40 26 17 27 0 18 35 14 27 40 25 38 33
7 56 54 48 47 42 38 37 31 32 24 29 13 18 0 18 5 15 23 25 24 26
20 57 53 57 56 39 42 34 38 28 28 42 12 35 18 0 23 22 15 39 24 36
9 58 57 49 47 46 40 41 33 37 26 28 18 14 5 23 0 14 26 20 25 24
22 71 69 63 61 56 53 50 46 45 39 42 25 27 15 22 14 0 17 18 11 13
29 72 68 69 69 54 55 49 50 43 42 52 25 40 23 15 26 17 0 35 12 27
30 78 78 65 63 67 59 61 51 58 47 42 38 25 25 39 20 18 35 0 26 12
31 79 76 73 72 62 61 57 55 51 47 53 32 38 24 24 25 11 12 26 0 16
33 82 81 72 70 69 64 63 57 59 50 50 38 33 26 36 24 13 27 12 16 0
DAMAGES
0.1 0.1 0.1
0.1 0.25 0.25
0.1 0.25 0.25
0.1 0.25 0.5
0.1 0.25 0.5
0.1 0.5 0.75
DEMAND_SECTION
1 0
2 1100
3 700
4 800
5 1400
6 2100
7 400
8 800
9 100
10 500
11 600
12 1200
13 1300
14 1300
15 300
16 900
17 2100
18 1000
19 900
20 2500
21 1800
22 700
