TYPE GCVRP
DIMENSION 76
CAPACITY 220
NUMBER_OF_VEHICLES 7
EDGE_WEIGHT_SECTION
0 241295 163687 185716 167583 26285064 177303 11786478 232523 19272658 35298008 30468065 199572 29889285 201984 36650189 188223 158721 220774 19272658 207411 205146 31513815 291822 27590637 44763273 150899 176135 32593646 170080 14781811 209247 193384 178311 172743 192019 44763273 216968 189049 23147813 167015 37788317 48819815 208863 188053 11786478 167018 194701 196611 206751 187664 161506 14781811 200125 232514 208443 211268 218732 221298 211082 241809 348063 29889285 189195 234904 208863 209761 164142 160664 38834067 34245018 226197 262928 196611 16777265 153307
241295 0 14781811 195689 27330814 34651066 173010 232460 54228537 214618 234430 236872 208785 35076816 226026 335519 174029 179671 285290 63693803 46154318 195065 177303 176183 262691 56932899 40706731 36742567 180020 192725 187171 227624 194439 160223 341982 215005 46115454 269671 384072 31749625 39354550 194716 159670 155494 35298008 209088 224061 38002369 27330814 202112 306388 192019 259538 374361 229444 229341 168730 313285 345230 256987 414953 22102063 158721 6795691 172158 45890188 50880975 40706731 171679 205243 38404007 234797 228374 5370059 202112 186879
163687 14781811 0 20104456 16367477 15945467 160006 200078 267546 224442 209863 220263 225758 249294 214755 197901 24480562 176972 215786 35696816 216968 182785 176135 262691 252782 208443 16777265 27184923 172743 21776200 153305 230847 189262 175807 20010563 40706731 25239314 213202 230551 28422434 182442 198544 198053 17609063 27330814 171781 174876 198734 13736061 213202 198853 197301 225297 217464 46115454 234953 40706731 204432 235323 256866 205575 238414 154096 16873312 39354550 250069 310208 183867 169304 194701 35696816 218363 203739 166194 166085 161506
185716 195689 20104456 0 194701 213291 205300 187664 46115454 180020 311577 222624 168851 309286 218798 248760 157834 179860 21776200 43017067 56611820 32581423 26758839 184158 209282 184158 27184923 47467635 216968 262916 24263445 33605316 158721 173010 39354550 203739 433196 51383069 301533 168482 158447 209088 42058912 35298008 4197851 196153 31513815 254678 285290 160161 16367477 10598810 252782 203009 62341622 36650189 262691 271269 25239314 244985 427770 279805 208231 201300 215786 31749625 218433 197402 196611 227002 60794821 250145 21056313 225297 214604 188053
167583 27330814 16367477 194701 0 191081 176183 176774 197301 212239 190861 198230 250766 181041 305496 196611 196824 214138 390629 22102063 39354550 193384 39354550 277291 39879816 41971317 167316 202118 190960 167316 7627489 242681 209088 217298 156545 172158 27330814 199739 208785 39354550 198099 50171996 198853 34651066 22599850 166085 7627489 196611 19071839 206692 30086030 176135 155694 25239314 176474 229341 33413220 191664 33945827 372386 226426 25095243 179868 199739 283183 47467635 39879816 166085 166085 25927041 256160 27590637 245295 17609063 201300 6902212
26285064 34651066 15945467 213291 191081 0 35298008 200748 190842 238105 65045984 321284 228495 218993 214618 173304 228790 203737 234018 253294 179860 185222 317658 231224 398638 373277 194558 11786478 178032 161576 17719658 258746 48245818 216336 238414 25095243 161121 169304 248820 226329 378467 229504 384548 212919 46154318 160161 176474 169304 157859 234664 232144 210583 191081 38834067 32593646 70206574 247964 16367477 396710 214837 176972 180728 33945827 198853 208443 41731199 457520 25239314 225297 179640 168730 201300 221810 197713 165285 200125
177303 173010 160006 205300 176183 35298008 0 195065 196824 33945827 335901 202049 184783 24263445 50171996 25095243 174490 172743 33605316 204711 206435 178073 229297 275091 22599850 206749 163687 193384 191081 27184923 167428 208443 187171 160223 174360 272401 213763 44763273 203739 192823 173010 249294 202782 18440860 213299 17919062 15945467 33945827 25832742 212246 202255 177794 177300 227028 195656 345230 212284 204711 202076 369506 210041 23431647 174029 10954680 306388 52876357 289940 209282 158198 28422434 208443 269671 194701 11644561 201300 155177
11786478 232460 200078 187664 176774 200748 195065 0 157859 225758 174360 181343 12618276 20010563 175122 38002369 196153 176972 217292 189302 226197 320954 245340 59637261 313285 201295 162343 238604 228790 185377 33945827 192459 212284 32559566 164680 6902212 384548 262916 185550 18440860 208868 279565 341282 325284 39354550 238414 155019 354144 198767 222624 215744 31241466 174490 189956 186231 231224 230847 305496 163687 20104456 254797 38404007 30086030 203009 487925 188596 219002 166194 21056313 248760 231224 321284 202112 214024 246026 13450073
232523 54228537 267546 46115454 197301 190842 196824 157859 0 33605316 181270 16777265 196611 12690311 177903 18440860 29254232 23147813 226329 167583 196153 27590637 260208 63693803 227835 283183 188600 9291084 208255 15945467 29889285 32581423 219333 301533 155177 165585 210655 207143 229297 239270 26285064 53474570 279565 225772 214024 191978 4300297 212239 33945827 313285 340374 229136 9606573 10122882 12690311 53474570 70454707 178032 17609063 237296 55580718 313285 217492 51524176 296155 206205 28376565 159670 184841 237134 232548 41971317 210437 311244 191011 172523
19272658 214618 224442 180020 212239 238105 33945827 225758 33605316 0 181343 198767 10122882 210041 262916 233117 31241466 176135 174991 366306 307216 231281 62341622 277291 197402 161121 186231 230122 350085 283183 243619 198734 156545 286967 207143 189262 237286 475763 275091 5550031 196037 289940 220147 254678 16367477 366306 192725 258169 226505 195725 163103 21056313 201295 39354550 221810 20010563 40925567 52428819 167015 59637261 323807 235366 40925567 214311 293390 197901 34651066 33945827 38002369 260188 53376368 249283 196037 224061 55580718 182868
35298008 234430 209863 311577 190861 65045984 335901 174360 181270 181343 0 165285 232523 31749625 24193564 271269 210655 252980 210583 202255 256225 55566070 268984 250787 228374 183540 173277 201295 310208 340374 54228537 13736061 275091 40925567 28376565 182916 369278 258847 164954 208199 15113669 58703321 59749071 43394794 192823 289289 202076 234953 37572210 203647 189049 39354550 329820 198734 217464 31513815 71806887 248760 150899 207143 262496 432625 329283 55580718 253438 13663116 182652 20104456 27590637 83976514 85328695 354122 164954 242681 48245818 39354550
30468065 236872 220263 222624 198230 321284 202049 181343 16777265 198767 165285 0 196824 196394 172743 211577 59637261 25095243 62341622 191081 264255 44226592 275105 254244 43394794 39879816 195065 32559566 54520320 203647 228374 192823 36742567 241434 200418 232523 361279 279565 8507310 190842 194558 53376368 67069323 62886322 39879816 47467635 180728 41731199 221810 67750345 211577 228495 215967 154096 185869 265739 315511 233518 182785 165285 285534 238814 42562997 231281 264707 9606573 7461560 198544 228495 82624333 78567791 260188 21056313 66398164 234430 202730
199572 208785 225758 168851 250766 228495 184783 12618276 196611 10122882 232523 196824 0 25927041 194804 325808 184841 154161 208231 190885 40067603 52876357 32581423 27590637 39354550 193324 167583 197901 29254232 40706731 245295 210437 177255 195104 228703 21056313 246483 215005 188223 170603 149878 279805 240611 230522 14781811 210437 170080 378467 203737 182868 16777265 167065 19272658 262928 213138 42058912 220904 51524176 164680 214618 242298 47200068 265292 190842 227002 185377 196394 177903 15113669 439277 55566070 69102526 7627489 196786 208863 183913
29889285 35076816 249294 309286 181041 218993 24263445 20010563 12690311 210041 31749625 196394 25927041 0 189195 167316 279805 25095243 254244 17719658 182916 203704 227784 42562997 238378 55566070 219002 9606573 341982 10954680 174876 258893 210041 37788317 204427 168730 189049 238414 35696816 215786 354144 398638 345281 50337319 402791 17719658 10954680 180728 20010563 41731199 282330 218437 6795691 233296 9606573 281184 75863430 155019 197867 216336 265292 372386 47467635 283183 269856 30917828 230522 24480562 237296 27590637 210258 261293 37788317 240853 182868 18440860
201984 226026 214755 218798 305496 214618 50171996 175122 177903 262916 24193564 172743 194804 189195 0 219333 62341622 213763 463601 169097 45108568 252433 263201 60794821 413204 37572210 19272658 20104456 239825 26758839 30086030 228495 224344 239257 208868 166194 250787 35076816 181041 210583 192459 268113 354122 249642 55580718 239270 250766 35908614 293288 44226592 49291569 243619 21056313 154161 21776200 55566070 250997 242648 193324 157293 266619 276077 50337319 276799 306814 17919062 173958 188677 206692 268984 379217 224427 249294 227835 45108568 317658
36650189 335519 197901 248760 196611 173304 25095243 38002369 18440860 233117 271269 211577 325808 167316 219333 0 213291 238088 309981 191689 202118 177300 211268 243265 60794821 381276 40706731 189302 218732 158447 182665 281542 439277 316099 184841 208231 179640 157834 221810 254797 217292 445358 374361 248760 236385 172045 269009 185940 11786478 69102526 481844 217464 185550 201902 181041 251601 365279 154820 208443 234797 196611 42058912 33605316 208443 41731199 63693803 50337319 191689 20936254 195065 195356 185716 232944 224061 192727 193195
188223 174029 24480562 157834 196824 228790 174490 196153 29254232 31241466 210655 59637261 184841 279805 62341622 213291 0 183913 219002 240611 341282 335901 24193564 161875 165285 235892 192727 46115454 182442 196153 32593646 238247 17919062 169303 39354550 226426 257443 46154318 378467 20936254 166884 17609063 23147813 189993 169355 204432 207143 210655 242648 9553060 188596 8507310 222416 234575 214837 36742567 172158 289940 323739 46721986 55566070 212303 191081 170440 32559566 222100 445358 204178 184783 241809 238625 225288 305496 13736061 188860 188223
158721 179671 176972 179860 214138 203737 172743 176972 23147813 176135 252980 25095243 154161 25095243 213763 238088 183913 0 202782 282112 216719 216100 246026 187583 229136 225758 173304 182442 203704 192823 221298 33605316 11786478 205300 17919062 193324 212919 32581423 208231 179640 155331 306388 215315 261293 160490 18440860 183867 206692 249294 28537104 190960 6415809 22102063 225758 256160 203739 222416 30086030 223848 35076816 279565 39879816 25239314 182665 345230 32559566 198853 161875 173615 226505 40067603 241434 16873312 196611 184156 156733
220774 285290 215786 21776200 390629 234018 33605316 217292 226329 174991 210583 62341622 208231 254244 463601 309981 219002 202782 0 266619 293674 235572 214837 38002369 181887 172109 27590637 41731199 243611 244985 239257 39354550 193301 208863 262974 225772 530492 54208166 40925567 177300 28537104 233518 213291 200451 171781 245787 211640 77215610 393783 172158 6415809 267546 227835 48245818 79919972 174029 25927041 290263 198230 50880975 307528 252262 226064 202255 345281 58285080 384072 31749625 204722 364256 61694346 486033 21768052 198853 250787 360225
19272658 63693803 35696816 43017067 22102063 253294 204711 189302 167583 366306 202255 191081 190885 17719658 169097 191689 240611 282112 266619 0 199581 52876357 341282 45058390 475763 369506 22102063 20424019 34245018 185377 199220 305286 215786 214755 176628 166085 202049 197867 252980 208674 33605316 373277 48385581 45058390 279805 179868 12690311 354144 216336 258169 221860 277291 173615 15015296 8507310 251865 506168 190390 33945827 184783 228486 379217 208443 223936 52544571 20936254 198053 24480562 218732 47200068 301287 242975 194558 224523 210655 179671
207411 46154318 216968 56611820 39354550 179860 206435 226197 196153 307216 256225 264255 40067603 182916 45108568 202118 341282 216719 293674 199581 0 193324 205246 330476 270094 94793960 228374 189195 202730 176972 20936254 486033 337232 218427 40706731 289289 161875 167701 408349 240713 310208 56611820 345281 259526 272193 18440860 32559566 166884 15945467 377277 323807 244146 202076 244707 201984 291426 50880975 177255 224427 221230 10598810 208785 207411 223574 53474570 255305 48385581 238088 273291 182652 8254393 177834 57657571 236601 245295 195656
205146 195065 182785 32581423 193384 185222 178073 320954 27590637 231281 55566070 44226592 52876357 203704 252433 177300 335901 216100 235572 52876357 193324 0 186503 316099 251158 59749071 213138 183540 156733 12618276 163589 243609 37572210 204178 205146 51524176 10598810 166884 256671 66398164 32581423 216100 257293 186065 340374 186503 204432 6415809 169303 41971317 243265 323739 245295 47200068 198853 254944 233518 199739 49291569 47553784 187171 181303 178134 214311 211425 298921 506168 198767 21056313 170603 193324 189993 49291569 188053 171754 32593646
31513815 177303 176135 26758839 39354550 317658 229297 245340 260208 62341622 268984 275105 32581423 227784 263201 211268 24193564 246026 214837 341282 205246 186503 0 28537104 29254232 345281 209761 226469 155694 221497 212246 447191 235882 170687 360225 227608 253294 203739 47553784 49291569 320954 174029 11644561 194716 36742567 221497 246383 222380 195689 186065 317285 189049 289289 244985 40899401 258206 281172 206844 231281 264332 52876357 167428 173304 24480562 204427 347366 295565 235323 19272658 198544 205246 213138 49291569 167018 167017 210258
291822 176183 262691 184158 277291 231224 275091 59637261 63693803 277291 250787 254244 27590637 42562997 60794821 243265 161875 187583 38002369 45058390 330476 316099 28537104 0 178134 217464 220774 59637261 267546 55580718 43411092 70454707 190885 12618276 54228537 66398164 268504 233117 244337 289289 187664 178466 174409 172743 202141 226197 232727 55580718 366306 13663116 212284 212246 244707 70454707 245970 35076816 163073 357280 402791 268004 247806 212303 16777265 171710 195689 47553784 447191 217464 232514 414953 422914 262946 214755 205300 224263 200748
27590637 262691 252782 209282 39879816 398638 22599850 313285 227835 197402 228374 43394794 39354550 238378 413204 60794821 165285 229136 181887 475763 270094 251158 29254232 178134 0 233296 208674 65045984 231154 40067603 214280 251913 18964812 24193564 313285 433196 254244 61840572 250069 192721 207672 189049 31513815 26285064 11786478 222100 245340 451439 38404007 183875 20424019 23147813 243611 230847 244141 28376565 172158 432625 219184 55039964 278020 329283 296678 250766 231154 52428819 47553784 220904 196153 301686 266168 280614 216968 190885 205246 232558
44763273 56932899 208443 184158 41971317 373277 206749 201295 283183 161121 183540 39879816 193324 55566070 37572210 381276 235892 225758 172109 369506 94793960 59749071 345281 217464 233296 0 192725 333283 42562997 258893 214837 228703 12690311 240853 236601 41971317 260660 360878 224263 175122 182665 271269 258169 213238 183063 39235805 33413220 244402 463601 35298008 160006 200078 60989441 246383 408349 160898 335519 244141 24193564 287860 262790 262169 60989441 224442 340610 34651066 228374 201295 38834067 293342 287925 309588 180488 237134 66398164 259538
150899 40706731 16777265 27184923 167316 194558 163687 162343 188600 186231 173277 195065 167583 219002 19272658 40706731 192727 173304 27590637 22102063 228374 213138 209761 220774 208674 192725 0 174360 40706731 193384 188596 208863 185664 193384 157293 188600 39879816 37788317 262928 17919062 177834 222542 340374 48819815 208868 24480562 159670 43411092 26285064 192725 205146 175122 15827562 172523 229136 330664 276427 323739 19071839 277291 49291569 220561 192721 202076 238105 33945827 286967 5370059 169605 396710 265739 244707 201300 245295 200264 160898
176135 36742567 27184923 47467635 202118 11786478 193384 238604 9291084 230122 201295 32559566 197901 9606573 20104456 189302 46115454 182442 41731199 20424019 189195 183540 226469 59637261 65045984 333283 174360 0 202782 189956 209282 252813 211082 194558 156545 218993 287253 182665 203737 212636 24263445 38404007 211640 211577 217464 177794 169303 182665 188600 260208 47200068 192823 3468499 202152 177255 59749071 219632 189302 31513815 27590637 25927041 34651066 202255 217492 255832 225449 31749625 169681 209299 261293 253294 221497 26758839 191011 196611 181343
32593646 180020 172743 216968 190960 178032 191081 228790 208255 350085 310208 54520320 29254232 341982 239825 218732 182442 203704 243611 34245018 202730 156733 155694 267546 231154 42562997 40706731 202782 0 176196 163342 343988 232460 15827562 197713 273049 171679 20936254 388927 46154318 277291 19272658 173277 20010563 46115454 262928 212239 168851 17719658 265292 228486 191371 209875 47200068 234797 242427 212239 208785 354940 49217379 25927041 175807 155331 196611 192727 244134 50049177 210258 181502 185716 229793 245295 231224 178466 150899 187171
170080 192725 21776200 262916 167316 161576 27184923 185377 15945467 283183 340374 203647 40706731 10954680 26758839 158447 196153 192823 244985 185377 176972 12618276 221497 55580718 40067603 258893 193384 189956 176196 0 171023 227624 214755 21768052 174409 222380 205300 193301 234797 205246 229793 230551 211082 207411 230122 154820 205300 11644561 151591 230551 427115 299415 167428 32559566 243269 277131 248820 175122 207411 309286 200418 199739 184898 229793 44062817 211640 225772 209299 173958 275091 23147813 275091 325808 198544 167065 238604
14781811 187171 153305 24263445 7627489 17719658 167428 33945827 29889285 243619 54228537 228374 245295 174876 30086030 182665 32593646 221298 239257 199220 20936254 163589 212246 43411092 214280 214837 188596 209282 163342 171023 0 345281 215315 168482 173958 35298008 205490 21056313 41971317 360225 196207 269292 200748 196207 208863 169303 168482 177255 164954 232558 43017067 15945467 218993 34651066 196786 250145 214618 248125 256160 241434 25095243 225297 14781811 31241466 354144 262974 252813 16873312 10958754 195104 24263445 229136 224442 16873312 153196 167316
209247 227624 230847 33605316 242681 258746 208443 192459 32581423 198734 13736061 192823 210437 258893 228495 281542 238247 33605316 39354550 305286 486033 243609 447191 70454707 251913 228703 208863 252813 343988 227624 345281 0 25239314 271269 301287 226469 278020 256139 174360 178704 35298008 63932072 452046 256225 205424 337282 203647 290263 241390 218798 187213 227786 46154318 40706731 230847 269009 413204 249642 15113669 214755 65853335 306814 230821 427115 298026 233559 299415 212636 286561 259593 291888 63357941 21776200 244337 46721986 236601
193384 194439 189262 158721 209088 48245818 187171 212284 219333 156545 275091 36742567 177255 210041 224344 439277 17919062 11786478 193301 215786 337232 37572210 235882 190885 18964812 12690311 185664 211082 232460 214755 215315 25239314 0 179671 286967 273291 232144 265181 23431647 13663116 8507310 227786 218579 348063 5370059 207411 218363 243611 230551 172158 157669 178134 311244 301533 296696 196611 196153 230847 193846 239825 285236 239825 252782 195689 50337319 200066 208149 195725 193195 75863430 264150 62886322 14781811 209088 243619 188860
178311 160223 175807 173010 217298 216336 160223 32559566 301533 286967 40925567 241434 195104 37788317 239257 316099 169303 205300 208863 214755 218427 204178 170687 12618276 24193564 240853 193384 194558 15827562 21768052 168482 271269 179671 0 245295 281290 252782 262916 35076816 198230 269009 180488 250766 11786478 173872 222380 253294 249294 19272658 13450073 317658 181303 187664 220561 208443 36740412 188596 52876357 199581 330476 223317 20936254 159140 157899 202782 271269 287860 19272658 16367477 214024 47200068 228374 210583 165675 205300 16873312
172743 341982 20010563 39354550 156545 238414 174360 164680 155177 207143 28376565 200418 228703 204427 208868 184841 39354550 17919062 262974 176628 40706731 205146 360225 54228537 313285 236601 157293 156545 197713 174409 173958 301287 286967 245295 0 174463 207143 185869 229136 207511 18440860 228486 58285080 234575 31513815 189861 158982 293334 194046 372386 232548 212246 3468499 244685 181041 384072 225772 176196 179014 190861 269671 209761 38002369 32559566 247964 200748 216968 158198 17719658 212636 36742567 48819815 187213 196786 29889285 10598810
192019 215005 40706731 203739 172158 25095243 272401 6902212 165585 189262 182916 232523 21056313 168730 166194 208231 226426 193324 225772 166085 289289 51524176 227608 66398164 433196 41971317 188600 218993 273049 222380 35298008 226469 273291 281290 174463 0 224344 36742567 14281871 202782 33945827 323720 353280 257162 277291 173277 167591 311244 198767 244146 214755 189297 12690311 154161 191978 231281 361279 187213 182652 188596 214837 271269 214280 224344 381276 188053 179014 189302 20104456 38404007 241809 37572210 184898 220904 219333 217298
44763273 46115454 25239314 433196 27330814 161121 213763 384548 210655 237286 369278 361279 246483 189049 250787 179640 257443 212919 530492 202049 161875 10598810 253294 268504 254244 260660 39879816 287253 171679 205300 205490 278020 232144 252782 207143 224344 0 160664 330476 250281 38404007 44062817 214280 218579 41731199 188596 269292 177794 169681 310208 260188 372386 192721 227608 222416 61694346 230847 21056313 258893 239884 167316 15113669 267546 234575 297287 245908 255151 301533 23431647 183875 199572 155177 238625 323739 14281871 323739
216968 269671 213202 51383069 199739 169304 44763273 262916 207143 475763 258847 279565 215005 238414 35076816 157834 46154318 32581423 54208166 197867 167701 166884 203739 233117 61840572 360878 37788317 182665 20936254 193301 21056313 256139 265181 262916 185869 36742567 160664 0 316964 267518 48245818 50337319 213238 216719 53474570 186503 207511 170603 181887 463601 50049177 212919 183540 239471 202782 314262 469682 204427 51383069 52428819 177834 26285064 216336 396710 214837 327098 59749071 192725 311577 11786478 177303 13663116 243265 46115454 188596 199220
189049 384072 230551 301533 208785 248820 203739 185550 229297 275091 164954 8507310 188223 35696816 181041 221810 378467 208231 40925567 252980 408349 256671 47553784 244337 250069 224263 262928 203737 388927 234797 41971317 174360 23431647 35076816 229136 14281871 330476 316964 0 186503 202152 281542 82624333 330476 246026 219668 188860 53474570 246483 244707 232558 335901 29422315 179860 33605316 227786 239000 56932899 7627489 195065 86680876 238814 257162 37572210 71252324 4300297 172109 179671 348063 240412 245855 281184 181887 38404007 220147 199220
23147813 31749625 28422434 168482 39354550 226329 192823 18440860 239270 5550031 208199 190842 170603 215786 210583 254797 20936254 179640 177300 208674 240713 66398164 49291569 289289 192721 175122 17919062 212636 46154318 205246 360225 178704 13663116 198230 207511 202782 250281 267518 186503 0 170603 364651 65045984 35908614 185940 360225 28376565 229341 283183 23431647 20424019 182916 216968 262691 211577 18440860 44062817 254797 189861 220561 68115073 290625 276427 32559566 418059 23147813 204432 19272658 189297 79919972 250427 51712773 158198 212636 279805 262691
167015 39354550 182442 158447 198099 378467 173010 208868 26285064 196037 15113669 194558 149878 354144 192459 217292 166884 155331 28537104 33605316 310208 32581423 320954 187664 207672 182665 177834 24263445 277291 229793 196207 35298008 8507310 269009 18440860 33945827 38404007 48245818 202152 170603 0 228790 203647 203739 171023 235892 200125 54228537 195656 28537104 21776200 165251 202076 193195 31749625 23431647 224442 254678 209282 283183 254244 221810 25095243 181704 271269 189297 28422434 23128381 202112 250141 271348 246318 161506 299415 202730 185550
37788317 194716 198544 209088 50171996 229504 249294 279565 53474570 289940 58703321 53376368 279805 398638 268113 445358 17609063 306388 233518 373277 56611820 216100 174029 178466 189049 271269 222542 38404007 19272658 230551 269292 63932072 227786 180488 228486 323720 44062817 50337319 281542 364651 228790 0 3468499 148653 200066 234797 248820 224021 37788317 179868 222624 201984 48245818 242896 260188 398638 181303 55566070 232353 259593 71806887 213202 174360 20424019 173615 267345 254798 340374 200748 33413220 248425 40067603 253495 183063 29422315 277291
48819815 159670 198053 42058912 198853 384548 202782 341282 279565 220147 59749071 67069323 240611 345281 354122 374361 23147813 215315 213291 48385581 345281 257293 11644561 174409 31513815 258169 340374 211640 173277 211082 200748 452046 218579 250766 58285080 353280 214280 213238 82624333 65045984 203647 3468499 0 4300297 220774 206435 293318 238088 341982 32593646 208443 235892 414953 276867 234018 58703321 14781811 69102526 316964 259593 67750345 193384 173010 195356 171023 246806 309178 390629 221497 285290 69102526 244707 52428819 232523 193195 252782
208863 155494 17609063 35298008 34651066 212919 18440860 325284 225772 254678 43394794 62886322 230522 50337319 249642 248760 189993 261293 200451 45058390 259526 186065 194716 172743 26285064 213238 48819815 211577 20010563 207411 196207 256225 348063 11786478 234575 257162 218579 216719 330476 35908614 203739 148653 4300297 0 257293 217492 206844 277291 216968 184158 30917828 281172 35076816 56611820 250281 69102526 171725 225288 63693803 421271 67750345 19272658 163687 161506 14781811 238814 274057 219184 35298008 289289 42562997 232944 239257 199572 191689 242648
188053 35298008 27330814 4197851 22599850 46154318 213299 39354550 214024 16367477 192823 39879816 14781811 402791 55580718 236385 169355 160490 171781 279805 272193 340374 36742567 202141 11786478 183063 208868 217464 46115454 230122 208863 205424 5370059 173872 31513815 277291 41731199 53474570 246026 185940 171023 200066 220774 257293 0 28422434 261293 229504 325808 17719658 157293 16367477 28422434 208255 62341622 32593646 190885 65045984 193324 258893 309981 245340 194558 250766 220263 198853 58285080 204178 18440860 349281 260188 418059 172158 191689 232558 199376
11786478 209088 171781 196153 166085 160161 17919062 238414 191978 366306 289289 47467635 210437 17719658 239270 172045 204432 18440860 245787 179868 18440860 186503 221497 226197 222100 39235805 24480562 177794 262928 154820 169303 337282 207411 222380 189861 173277 188596 186503 219668 360225 235892 234797 206435 217492 28422434 0 169681 201300 177303 372386 210041 23147813 160006 36650189 221298 75863430 46154318 173958 329820 52876357 257293 36650189 181704 200748 220304 33413220 257443 13736061 214280 192823 36650189 192823 201902 233296 180020 173615
167018 224061 174876 31513815 7627489 176474 15945467 155019 4300297 192725 202076 180728 170080 10954680 250766 269009 207143 183867 211640 12690311 32559566 204432 246383 232727 245340 33413220 159670 169303 212239 205300 168482 203647 218363 253294 158982 167591 269292 207511 188860 28376565 200125 248820 293318 206844 261293 169681 0 205146 190960 378467 39879816 29889285 164142 15827562 16873312 66398164 50337319 196072 269009 257293 205246 40925567 261293 218437 451439 197713 323739 170440 201300 202049 50171996 30917828 32593646 206608 197402 161875
194701 38002369 198734 254678 196611 169304 33945827 354144 212239 258169 234953 41731199 378467 180728 35908614 185940 210655 206692 77215610 354144 166884 6415809 222380 55580718 451439 244402 43411092 182665 168851 11644561 177255 290263 243611 249294 293334 311244 177794 170603 53474570 229341 54228537 224021 238088 277291 229504 201300 205146 0 155331 244707 463601 42058912 178073 309286 329820 471467 321284 194046 241434 43394794 178311 238604 262928 222416 203009 242298 333854 232514 190960 178466 209299 181887 39235805 197402 177834 287253
196611 27330814 13736061 285290 19071839 157859 25832742 198767 33945827 226505 37572210 221810 203737 20010563 293288 11786478 242648 249294 393783 216336 15945467 169303 195689 366306 38404007 463601 26285064 188600 17719658 151591 164954 241390 230551 19272658 194046 198767 169681 181887 246483 283183 195656 37788317 341982 216968 325808 177303 190960 155331 0 212919 252813 229136 18964812 360225 187583 240412 218427 228703 234575 236412 195065 194046 24480562 205424 219668 254840 243265 187171 15827562 181502 18440860 193846 211577 174876 10958754 188316
206751 202112 213202 160161 206692 234664 212246 222624 313285 195725 203647 67750345 182868 41731199 44226592 69102526 9553060 28537104 172158 258169 377277 41971317 186065 13663116 183875 35298008 192725 260208 265292 230551 232558 218798 172158 13450073 372386 244146 310208 463601 244707 23431647 28537104 179868 32593646 184158 17719658 372386 378467 244707 212919 0 24480562 198734 224523 250787 238378 43411092 163687 290625 47467635 256987 64977822 228374 187213 11644561 44763273 379217 237286 206692 189049 310208 274084 265377 208785 178032 219333 196786
187664 306388 198853 16367477 30086030 232144 202255 215744 340374 163103 189049 211577 16777265 282330 49291569 481844 188596 190960 6415809 221860 323807 243265 317285 212284 20424019 160006 205146 47200068 228486 427115 43017067 187213 157669 317658 232548 214755 260188 50049177 232558 20424019 21776200 222624 208443 30917828 157293 210041 39879816 463601 252813 24480562 0 215624 309286 224344 357280 197301 335901 232420 206205 293390 59198953 236872 214280 185869 243265 38834067 36740412 219333 335901 287899 58367155 70206574 180935 35696816 210041 202730
161506 192019 197301 10598810 176135 210583 177794 31241466 229136 21056313 39354550 228495 167065 218437 243619 217464 8507310 6415809 267546 277291 244146 323739 189049 212246 23147813 200078 175122 192823 191371 299415 15945467 227786 178134 181303 212246 189297 372386 212919 335901 182916 165251 201984 235892 281172 16367477 23147813 29889285 42058912 229136 198734 215624 0 198544 32559566 39879816 37788317 21768052 30917828 19272658 433196 229341 252782 25832742 169681 360225 214618 313285 13450073 172743 276427 227835 359796 190390 181343 190390 172109
14781811 259538 225297 252782 155694 191081 177300 174490 9606573 201295 329820 215967 19272658 6795691 21056313 185550 222416 22102063 227835 173615 202076 245295 289289 244707 243611 60989441 15827562 3468499 209875 167428 218993 46154318 311244 187664 3468499 12690311 192721 183540 29422315 216968 202076 48245818 414953 35076816 28422434 160006 164142 178073 18964812 224523 309286 198544 0 25832742 165179 45058390 225288 173958 229136 261293 217492 225449 211425 214024 260507 26758839 35696816 185006 205300 208674 216968 301533 257293 31513815 192727 226442
200125 374361 217464 203009 25239314 38834067 227028 189956 10122882 39354550 198734 154096 262928 233296 154161 201902 234575 225758 48245818 15015296 244707 47200068 244985 70454707 230847 246383 172523 202152 47200068 32559566 34651066 40706731 301533 220561 244685 154161 227608 239471 179860 262691 193195 242896 276867 56611820 208255 36650189 15827562 309286 360225 250787 224344 32559566 25832742 0 21056313 232449 60794821 246026 12618276 183063 44226592 240462 289940 408872 536573 13736061 201300 24480562 257293 71806887 52428819 244985 184841 210041 226197 225758
232514 229444 46115454 62341622 176474 32593646 195656 186231 12690311 221810 217464 185869 213138 9606573 21776200 181041 214837 256160 79919972 8507310 201984 198853 40899401 245970 244141 408349 229136 177255 234797 243269 196786 230847 296696 208443 181041 191978 222416 202782 33605316 211577 31749625 260188 234018 250281 62341622 221298 16873312 329820 187583 238378 357280 39879816 165179 21056313 0 242011 52544571 169047 232558 19272658 30917828 248820 283183 227835 278437 222416 220389 189195 286967 224344 273291 30086030 289289 220304 199581 194804
208443 229341 234953 36650189 229341 70206574 345230 231224 53474570 20010563 31513815 265739 42058912 281184 55566070 251601 36742567 203739 174029 251865 291426 254944 258206 35076816 28376565 160898 330664 59749071 242427 277131 250145 269009 196611 36740412 384072 231281 61694346 314262 227786 18440860 23431647 398638 58703321 69102526 32593646 75863430 66398164 471467 240412 43411092 197301 37788317 45058390 232449 242011 0 321284 304449 246026 50049177 481263 278020 44226592 43017067 88033057 235882 39235805 244146 62341622 80664075 544296 294866 213202 219632 422914 245340
211268 168730 40706731 262691 33413220 247964 212284 230847 70454707 40925567 71806887 315511 220904 75863430 250997 365279 172158 222416 25927041 506168 50880975 233518 281172 163073 172158 335519 276427 219632 212239 248820 214618 413204 196153 188596 225772 361279 230847 469682 239000 44062817 224442 181303 14781811 171725 190885 46154318 50337319 321284 218427 163687 335901 21768052 225288 60794821 52544571 321284 0 258206 65045984 282826 274084 197254 287253 171781 190390 247569 417272 396710 269292 50337319 286216 58703321 232944 269009 306388 209761
218732 313285 204432 271269 191664 16367477 204711 305496 178032 52428819 248760 233518 51524176 155019 242648 154820 289940 30086030 290263 190390 177255 199739 206844 357280 432625 244141 323739 189302 208785 175122 248125 249642 230847 52876357 176196 187213 21056313 204427 56932899 254797 254678 55566070 69102526 225288 65045984 173958 196072 194046 228703 290625 232420 30917828 173958 246026 169047 304449 258206 0 237134 320954 233296 47467635 197254 47200068 267518 223317 246734 199739 36650189 305496 256847 176474 231224 230122 199739 197901
221298 345230 235323 25239314 33945827 396710 202076 163687 17609063 167015 150899 182785 164680 197867 193324 208443 323739 223848 198230 33945827 224427 49291569 231281 402791 219184 24193564 19071839 31513815 354940 207411 256160 15113669 193846 199581 179014 182652 258893 51383069 7627489 189861 209282 232353 316964 63693803 193324 329820 269009 241434 234575 47467635 206205 19272658 229136 12618276 232558 246026 65045984 237134 0 25095243 381276 469682 230551 219668 258746 14781811 208868 15113669 272401 244134 60794821 276867 153130 224021 234797 24193564
211082 256987 256866 244985 372386 214837 369506 20104456 237296 59637261 207143 165285 214618 216336 157293 234797 46721986 35076816 50880975 184783 221230 47553784 264332 268004 55039964 287860 277291 27590637 49217379 309286 241434 214755 239825 330476 190861 188596 239884 52428819 195065 220561 283183 259593 259593 421271 258893 52876357 257293 43394794 236412 256987 293390 433196 261293 183063 19272658 50049177 282826 320954 25095243 0 62886322 55871762 280806 506168 315440 180935 232523 218437 221810 52544571 75863430 251479 223112 255305 463601 214755
241809 414953 205575 427770 226426 176972 210041 254797 55580718 323807 262496 285534 242298 265292 266619 196611 55566070 279565 307528 228486 10598810 187171 52876357 247806 278020 262790 49291569 25927041 25927041 200418 25095243 65853335 285236 223317 269671 214837 167316 177834 86680876 68115073 254244 71806887 67750345 67750345 309981 257293 205246 178311 195065 64977822 59198953 229341 217492 44226592 30917828 481263 274084 233296 381276 62886322 0 218732 221845 42562997 231281 548736 250003 240654 231154 167015 154820 6902212 66023573 227784 196786 301287
348063 22102063 238414 279805 25095243 180728 23431647 38404007 313285 235366 432625 238814 47200068 372386 276077 42058912 212303 39879816 252262 379217 208785 181303 167428 212303 329283 262169 220561 34651066 175807 199739 225297 306814 239825 20936254 209761 271269 15113669 26285064 238814 290625 221810 213202 193384 19272658 245340 36650189 40925567 238604 194046 228374 236872 252782 225449 240462 248820 278020 197254 47467635 469682 55871762 218732 0 165285 38002369 187018 401274 302577 266294 215967 19071839 216336 178073 233858 238414 11786478 246026
29889285 158721 154096 208231 179868 33945827 174029 30086030 217492 40925567 329283 42562997 265292 47467635 50337319 33605316 191081 25239314 226064 208443 207411 178134 173304 16777265 296678 60989441 192721 202255 155331 184898 14781811 230821 252782 159140 38002369 214280 267546 216336 257162 276427 25095243 174360 173010 163687 194558 181704 261293 262928 24480562 187213 214280 25832742 211425 289940 283183 44226592 287253 197254 230551 280806 221845 165285 0 165303 199376 463601 494006 189049 20424019 199739 219184 33605316 33413220 163073 157293 176196
189195 6795691 16873312 201300 199739 198853 10954680 203009 51524176 214311 55580718 231281 190842 283183 276799 208443 170440 182665 202255 223936 223574 214311 24480562 171710 250766 224442 202076 217492 196611 229793 31241466 427115 195689 157899 32559566 224344 234575 396710 37572210 32559566 181704 20424019 195356 161506 250766 200748 218437 222416 205424 11644561 185869 169681 214024 408872 227835 43017067 171781 47200068 219668 506168 42562997 38002369 165303 0 181270 67750345 327098 196207 15113669 226197 241545 220147 301533 160898 23147813 17609063
234904 172158 39354550 215786 283183 208443 306388 487925 296155 293390 253438 264707 227002 269856 306814 41731199 32559566 345230 345281 52544571 53474570 211425 204427 195689 231154 340610 238105 255832 192727 44062817 354144 298026 50337319 202782 247964 381276 297287 214837 71252324 418059 271269 173615 171023 14781811 220263 220304 451439 203009 219668 44763273 243265 360225 260507 536573 278437 88033057 190390 267518 258746 315440 231281 187018 199376 181270 0 265487 291426 227608 48819815 210655 258893 244707 422914 23147813 39354550 276427
208863 45890188 250069 31749625 47467635 41731199 52876357 188596 206205 197901 13663116 9606573 185377 30917828 17919062 63693803 222100 32559566 58285080 20936254 255305 298921 347366 47553784 52428819 34651066 33945827 225449 244134 211640 262974 233559 200066 271269 200748 188053 245908 327098 4300297 23147813 189297 267345 246806 238814 198853 33413220 197713 242298 254840 379217 38834067 214618 26758839 13736061 222416 235882 247569 223317 14781811 180935 548736 401274 463601 67750345 265487 0 5963893 207511 216598 89385237 357500 536573 180488 451439 41731199 256160
209761 50880975 310208 218433 39879816 457520 289940 219002 28376565 34651066 182652 7461560 196394 230522 173958 50337319 445358 198853 384072 198053 48385581 506168 295565 447191 47553784 228374 286967 31749625 50049177 225772 252813 299415 208149 287860 216968 179014 255151 59749071 172109 204432 28422434 254798 309178 274057 58285080 257443 323739 333854 243265 237286 36740412 313285 35696816 201300 220389 39235805 417272 246734 208868 232523 250003 302577 494006 327098 291426 5963893 0 216100 210041 471467 268113 55871762 200418 413204 73159068 224021
164142 40706731 183867 197402 166085 25239314 209282 166194 159670 33945827 20104456 198544 177903 24480562 188677 191689 204178 161875 31749625 24480562 238088 198767 235323 217464 220904 201295 5370059 169681 210258 209299 16873312 212636 195725 19272658 158198 189302 301533 192725 179671 19272658 23128381 340374 390629 219184 204178 13736061 170440 232514 187171 206692 219333 13450073 185006 24480562 189195 244146 396710 199739 15113669 218437 240654 266294 189049 196207 227608 207511 216100 0 185302 372386 52876357 218579 175586 225758 23147813 7461560
160664 171679 169304 196611 166085 225297 158198 21056313 184841 38002369 27590637 228495 15113669 237296 206692 20936254 184783 173615 204722 218732 273291 21056313 19272658 232514 196153 38834067 169605 209299 181502 173958 10958754 286561 193195 16367477 17719658 20104456 23431647 311577 348063 189297 202112 200748 221497 35298008 18440860 214280 201300 190960 15827562 189049 335901 172743 205300 257293 286967 62341622 269292 36650189 272401 221810 231154 215967 20424019 15113669 48819815 216598 210041 185302 0 202231 30917828 208255 200078 171781 17719658 148653
38834067 205243 194701 227002 25927041 179640 28422434 248760 237134 260188 83976514 82624333 439277 27590637 268984 195065 241809 226505 364256 47200068 182652 170603 198544 414953 301686 293342 396710 261293 185716 275091 195104 259593 75863430 214024 212636 38404007 183875 11786478 240412 79919972 250141 33413220 285290 289289 349281 192823 202049 178466 181502 310208 287899 276427 208674 71806887 224344 80664075 50337319 305496 244134 52544571 167015 19071839 199739 226197 210655 89385237 471467 372386 202231 0 187966 12310935 271052 323739 213299 208674
