SET
I NODO TIPO I /I0*I75/;
K TIPO DE VEHICULO K /K1*K7/;
ALIAS (I,J,F);
SCALAR N CANTIDAD DE NODOS /76/;
SCALAR M NUMERO DE VEHICULOS /7/;
PARAMETERS
CP(K) CAPACIDAD DEL VEHICULO K
/
K1	220
K2	220
K3	220
K4	220
K5	220
K6	220
K7	220
/
O(J) OFERTA DEL PRODUCTO EN LA UNIDAD PRODUCTIVA DEL AGRICULTOR J
/
I0	0
I1	18
I2	26
I3	11
I4	30
I5	21
I6	19
I7	15
I8	16
I9	29
I10	26
I11	37
I12	16
I13	12
I14	31
I15	8
I16	19
I17	20
I18	13
I19	15
I20	22
I21	28
I22	12
I23	6
I24	27
I25	14
I26	18
I27	17
I28	29
I29	13
I30	22
I31	25
I32	28
I33	27
I34	19
I35	10
I36	12
I37	14
I38	24
I39	16
I40	33
I41	15
I42	11
I43	18
I44	17
I45	21
I46	27
I47	19
I48	20
I49	5
I50	22
I51	12
I52	19
I53	22
I54	16
I55	7
I56	26
I57	14
I58	21
I59	24
I60	13
I61	15
I62	18
I63	11
I64	28
I65	9
I66	37
I67	30
I68	10
I69	8
I70	11
I71	3
I72	1
I73	6
I74	10
I75	20
/
;
TABLE C(I,J) COSTO ASOCIADO A LAS CARACTERISTICAS DE LA RUTA ENTRE EL NODO I AL NODO J
	I0	I1	I2	I3	I4	I5	I6	I7	I8	I9	I10	I11	I12	I13	I14	I15	I16	I17	I18	I19	I20	I21	I22	I23	I24	I25	I26	I27	I28	I29	I30	I31	I32	I33	I34	I35	I36	I37	I38	I39	I40	I41	I42	I43	I44	I45	I46	I47	I48	I49	I50	I51	I52	I53	I54	I55	I56	I57	I58	I59	I60	I61	I62	I63	I64	I65	I66	I67	I68	I69	I70	I71	I72	I73	I74	I75	
I0	0	83112	12929	31583	7316	26126881	29920	11635720	81090	19115825	35139150	30307182	50164	29733127	28217	36490656	19856	12013	56516	19115825	41803	45613	31352257	129589	27427054	44599690	5541	24027	32436138	16622	14631053	42964	22992	25528	10451	24327	44599690	54060	30191	22991655	16257	37622709	48654207	32397	33245	11635720	18285	21609	41803	46543	26781	12773	14631053	29733	72981	38786	30752	58524	66490	44125	71477	183805	29733127	33037	64572	32397	29920	5225	14631	38667784	34076036	58565	108120	41803	16622457	9973	
I1	83112	0	14631053	38856	27171956	34487483	20902	64828	54060230	48335	61398	44881	46552	34907159	48944	167212	23271	22163	119682	63520771	45983311	38232	29920	12541	104508	56763242	40545173	36577634	29262	31167	17454	49867	32206	13515	178399	44673	45951196	102714	209015	31582668	39193667	45983	11612	10136	35139150	48205	59128	37842161	27171956	48654	142130	24327	94605	200654	55737	40725	16622	142953	175573	73155	243271	21946580	12013	6648983	18700	45711756	50698493	40545173	17546	27427	38231650	66490	60067	5225376	48654	30046	
I2	12929	14631053	0	19946948	16218069	15791334	13298	40545	108688	45951	41556	49931	67575	89761	46448	39043	24327104	23514	33245	35532558	54060	31352	24027	104508	89199	38786	16622457	27030115	10451	21624092	7272	41556	27704	13515	19856430	40545173	25081806	54344	61569	28258176	24934	26127	40545	17453580	27171956	21023	19393	45951	13585978	54344	33245	46543	69814	37623	45951196	59221	40545173	43549	71065	67575	40642	83606	7388	16721204	39193667	77712	135151	30409	23271	21609	35532558	41897	39481	18811	5818	12773	
I3	31583	38856	19946948	0	21609	43634	53192	26781	45951196	29262	151369	40758	17418	139629	34907	62169	10451	16218	21624092	42848085	56434063	32413791	26595931	15791	58524	15791	27030115	47302702	54060	97308	24102562	33442408	12013	20902	39193667	39481	259489	51208687	137950	15699	10389	48205	41896679	35139150	4054517	33245	31352257	85696	119682	11428	16218069	10450752	89199	37401	62169265	36490656	104508	98237	25081806	54344	246638	110823	35139	49867	33245	31582668	46751	39894	41803	51945	60614364	57479	20901505	69814	52371	33245	
I4	7316	27171956	16218069	21609	0	37623	12541	25341	46543	50681	28628	35997	97308	28258	145963	41803	25082	62705	221647	21946580	39193667	22992	39193667	113033	39712859	41803010	18583	54060	35477	18583	7480106	58115	48205	63165	10512	18700	27171956	41556	46552	39193667	28382	50005713	33245	34487483	22440317	5818	7480106	41803	18921081	43109	29920422	24027	8311	25081806	20316	40725	33244913	21947	33787644	205429	60818	24933685	24385	41556	113526	47302702	39712859	5818	5818	25764808	91902	27427054	86437	17453580	49867	6757529	
I5	26126881	34487483	15791334	43634	37623	0	35139150	39190	32659	50164	64872277	149602	48654	66885	48335	26596	62507	26596	53561	93086	16218	35139	156775	45983	221556	192820	33675	11635720	23224	16218	17569575	62705	48073461	40545	83606	24933685	13063	23271	76463	39063	210835	44938	216241	45287	45983311	11428	20316	23271	11826	48073	55062	33442	37623	38667784	32436138	70020042	73582	16218069	227053	42480	23514	23895	33787644	33245	38786	41556142	281113	25081806	69814	13298	16622	49867	36569	23271	13852	29733	
I6	29920	20902	13298	53192	12541	35139150	0	38232	25082	33787644	172993	35092	17766	24102562	50005713	24933685	25082	10451	33442408	41803	39478	21240	73139	118933	22440317	28258	12929	22992	37623	27030115	18020	38786	17454	13515	20902	112868	51530	44599690	39481	33965	20902	89761	43924	18284702	59841	17766279	15791334	33787644	25678609	56763	42047	32436	21817	64795	31398	175573	37842	41803	43218	196474	39709	23271439	23271	10804597	142130	52708725	118933	58524	13515	28258176	38786	102714	21609	11495828	49867	9144	
I7	11635720	64828	40545	26781	25341	39190	38232	0	11826	67575	20902	15676	12466843	19856430	10805	37842161	33245	23514	34076	39894	58565	154671	74333	59466254	142953	36362	14960	86496	62507	27869	33787644	29551	37842	32397333	16622	6757529	216241	97308	33442	18284702	54060	104508	166225	152927	39193667	83606	8311	189211	37884	40758	36578	31084633	25082	43248	32098	45983	41556	145963	12929	19946948	81090	38231650	29920422	37401	308143	33788	62169	18811	20901505	62169	45983	149602	48654	35533	83793	13297965	
I8	81090	54060230	108688	45951196	46543	32659	25082	11826	0	33442408	23087	16622457	41803	12540903	13586	18284702	29089299	22991655	39063	7316	33245	27427054	89876	63520771	39894	113526	37842	9142351	29089	15791334	29733127	32413791	55750	137950	9144	20902	45722	31352	73139	78387	26126881	53298838	104508	53415	35533	40545	4155614	50681	33787644	142953	171392	70278	9460540	9973474	12540903	53298838	70278300	23224	17453580	79788	55411736	142953	52559	51357219	117048	33788	28217032	11612	30033	68152	51357	41803010	52254	146311	30128	19740	
I9	19115825	48335	45951	29262	50681	50164	33787644	67575	33442408	0	15676	37884	9973474	39709	97308	58060	31084633	24027	22208	200023	125409	56899	62169265	113033	39894	13063	32098	63165	179753	113526	77336	45951	10512	125409	31352	27704	58179	297331	118933	5406023	48654	118933	47790	85696	16218069	200023	31167	83112	56173	37542	14370	20901505	36362	39193667	36569	19856430	40757935	52253762	16257	59466254	137950	44050	40757935	39194	114958	39043	34487483	33787644	37842161	78381	53191861	65451	48654	59128	55411736	24010	
I10	35139150	61398	41556	151369	28628	64872277	172993	20902	23087	15676	0	13852	81090	31582668	24036731	98237	45722	96147	33442	42047	75768	55388988	91227	63521	60067	26707	18469	36362	135151	171392	54060230	13585978	118933	40757935	28217032	27433	189496	81090	18921	59466	14960211	58524214	59569289	43218387	33965	123006	43218	59221	37400528	36015	30191	39193667	167587	45951	37623	31352257	71629805	62169	5541	31352	76639	250818	156251	55411736	54023	13515058	14960	19946948	27427054	83793357	85144863	170290	18921	58115	48073461	39193667	
I11	30307182	44881	49931	40758	35997	149602	35092	15676	16622457	37884	13852	0	25082	34836	10451	42595	59466254	24933685	62169265	37623	87848	44049510	79739	74462	43218387	39712859	38232	32397333	54343913	36015	60067	33965	36577634	69077	42235	81090	182847	104508	8360602	32659	33675	53191861	66884816	62704515	39712859	47302702	23895	41556142	36569	67575288	42595	48654	56434	7388	27011	94057	131679	65886	31352	13852	103052	56332	42387265	56899	74801	9460540	7315527	26127	48654	82441851	78387334	78381	20901505	66223782	61398	40497	
I12	50164	46552	67575	17418	97308	48654	17766	12466843	41803	9973474	81090	25082	0	25764808	35271	158851	30033	8128	35139	31352	39893896	52708725	32413791	27427054	39193667	37166	7316	39043	29089299	40545173	86437	52254	27172	24037	75245	20901505	74801	44673	19856	8311	5195	110823	70954	50006	14631053	52254	16622	210835	26596	24010	16622457	16982	19115825	108120	49555	41896679	39713	51357219	16622	48335	63866	47028386	103059	32659	51945	27869	34836	13586	14960211	264895	55388988	68926794	7480106	36578	32397	18921	
I13	29733127	34907159	89761	139629	28258	66885	24102562	19856430	12540903	39709	31582668	34836	25764808	0	33037	18583	110823	24933685	74462	17569575	27433	29262	43893	42387265	45712	55388988	62169	9460540	178399	10804597	19393	68927	39709	37622709	54344	16622	30191	83606	35532558	33245	189211	221556	169549	50163612	232459	17569575	10804597	23895	19856430	41556142	106598	54854	6648983	76463	9460540	83793	75684323	8311	34284	40545	103059	205429	47302702	113526	91424	30751545	50006	24327104	79788	27427054	36491	99735	37622709	75245	24010	18284702	
I14	28217	48944	46448	34907	145963	48335	50005713	10805	13586	97308	24036731	10451	35271	33037	0	55750	62169265	51530	286519	7480	44938236	79401	84094	60614364	234097	37400528	19115825	19946948	51209	26595931	29920422	48654	41803	67575	54060	18811	63521	34907159	28258	33442	29551	83606	170290	68510	55411736	78387	97308	35738282	126331	44049510	49118537	77336	20901505	8128	21624092	55388988	66490	81090	37166	9235	89537	96295	50163612	102417	118257	17766279	22525	18285	43109	91227	204835	48020	89761	39894	44938236	156775	
I15	36490656	167212	39043	62169	41803	26596	24933685	37842161	18284702	58060	98237	42595	158851	18583	55750	0	43634	73155	127499	19947	54060	21817	30752	53299	60614364	199469	40545173	39894	58524	10389	28532	99735	264895	150491	30033	35139	13298	10451	36569	81090	34076	270301	200654	62169	49119	21962	113526	20273	11635720	68926794	302737	37623	33442	38319	28258	63719	186172	10812	38786	66490	41803	41896679	33442408	38786	41556142	63520771	50163612	19947	20778071	38232	43248	31583	47028	59128	36569	20778	
I16	19856	23271	24327104	10451	25082	62507	25082	33245	29089299	31084633	45722	59466254	30033	110823	62169265	43634	0	18921	62169	70954	166225	172993	24036731	12467	13852	75684	36569	45951196	24934	33245	32436138	69265	17766279	8361	39193667	60818	87786	45983311	210835	20778071	14776	17453580	22991655	22976	19947	43549	31352	45722	81090	9405677	33788	8360602	44600	52709	42480	36577634	18700	118933	162181	46542879	55388988	34487	37623	25082	32397333	51093	270301	32436	17766	71477	61543	50906	145963	13585978	31352	19856	
I17	12013	22163	23514	16218	62705	26596	10451	23514	22991655	24027	96147	24933685	8128	24933685	51530	73155	18921	0	43924	121229	45712	53192	83793	28050	70278	67575	26596	24934	29262	33965	66490	33442408	11635720	53192	17766279	37166	45287	32413791	35139	13298	9973	142130	51057	99735	11082	18284702	30409	43109	89761	28381621	35477	6270451	21946580	67575	91902	39481	44600	29920422	71065	34907159	104508	39712859	25081806	28532	175573	32397333	33245	12467	9973	56173	39893896	69077	16721204	41803	25973	9350	
I18	56516	119682	33245	21624092	221647	53561	33442408	34076	39063	22208	33442	62169265	35139	74462	286519	127499	62169	43924	0	89537	105117	57140	42480	37842161	17570	9142	27427054	41556142	70579	54344	67575	39193667	43218	32397	91967	53415	345985	54022984	40757935	21817	28381621	65886	43634	34168	21023	72080	40633	77035828	217376	18700	6270451	108688	39894	48073461	79738840	23271	25764808	106431	35997	50698493	101363	73155	42848	42047	169549	58114748	209015	31582668	38439	178399	61503090	296801	21609194	33245	63521	194617	
I19	19115825	63520771	35532558	42848085	21946580	93086	41803	39894	7316	200023	42047	37623	31352	17569575	7480	19947	70954	121229	89537	0	35323	52708725	166225	44880633	297331	196474	21946580	20272586	34076036	27869	24103	136304	33245	46448	11636	5818	35092	34284	96147	44416	33442408	192820	48205124	44880633	110823	24385	12540903	189211	40545	83112	48828	113033	9973	14866563	8360602	58524	324361	34907	33787644	17766	57479	204835	38786	52254	52360739	20778071	40545	24327104	58524	47028386	132980	72643	33675	54866	45722	22163	
I20	41803	45983311	54060	56434063	39193667	16218	39478	58565	33245	125409	75768	87848	39893896	27433	44938236	54060	166225	45712	105117	35323	0	37166	36939	151369	84912	94605403	60067	33037	40497	23514	20778071	296801	156775	48770	40545173	123006	12467	8109	229917	60256	135151	56434063	169549	84469	93086	18284702	32397333	14776	15791334	196145	137950	73139	43218	59466	28217	82561	50698493	27172	48020	46173	10450752	46552	41803	49867	53298838	60614	48205124	73155	109708	14960	8109035	14867	57479139	54060	86437	31398	
I21	45613	38232	31352	32413791	22992	35139	21240	154671	27427054	56899	55388988	44049510	52708725	29262	79401	21817	172993	53192	57140	52708725	37166	0	18811	150491	78126	59569289	49555	26707	9350	12466843	13506	59102	37400528	32436	45613	51357219	10450752	14776	79589	66223782	32413791	53192	96410	25857	171392	18811	43549	6270451	8361	41803010	53299	162181	86437	47028386	33245	54854	65886	41556	49118537	47374002	17454	33245	12467	39194	49867	119139	324361	37884	20901505	8311	37166	22976	49118537	33245	10812	32436138	
I22	31352257	29920	24027	26595931	39193667	156775	73139	74333	89876	62169265	91227	79739	32413791	43893	84094	30752	24036731	83793	42480	166225	36939	18811	0	28381621	29089299	169549	29920	47303	8311	60614	56763	263359	67575	18579	194617	54576	93086	39481	47374002	49118537	154671	23271	11495828	45983	36577634	60614	79426	64872	38856	25857	146278	30191	123006	54344	40725019	77074	124339	37862	56899	77800	52708725	18020	26596	24327104	54344	164884	109708	71065	19115825	26127	36939	49555	49118537	18285	15584	36491	
I23	129589	12541	104508	15791	113033	45983	118933	59466254	63520771	113033	63521	74462	27427054	42387265	60614364	53299	12467	28050	37842161	44880633	151369	150491	28381621	0	12467	37623	56516	59466254	108688	55411736	43248184	70278300	31352	12466843	54060230	66223782	96147	58060	67930	123006	26781	29733	23651	10451	45983	58565	63070	55411736	200023	13515058	37842	56763	59466	70278300	66188	34907159	4156	179523	232459	80122	67349	34487	16622457	24327	38856	47374002	263359	37623	72981	243271	242457	71630	46448	53192	62705	39190	
I24	27427054	104508	89199	58524	39712859	221556	22440317	142953	39894	39894	60067	43218387	39193667	45712	234097	60614364	13852	70278	17570	297331	84912	78126	29089299	12467	0	76463	44416	64872277	64197	39893896	32414	83606	18811354	24036731	142953	259489	74462	61659440	77712	32513	50164	30191	31352257	26126881	11635720	51093	74333	275707	38231650	37842	20272586	22991655	70579	41556	62334	28217032	18700	250818	38668	54854107	90138	156251	133770	97308	64197	52253762	47374002	39713	33245	121229	78961	96107	54060	31352	36939	68975	
I25	44599690	56763242	38786	15791	41803010	192820	28258	36362	113526	13063	26707	39712859	37166	55388988	37400528	199469	75684	67575	9142	196474	94605403	59569289	169549	37623	76463	0	31167	159576	42387265	68927	42480	75245	12540903	75245	54060	41803010	75478	175696	62705	10805	28532	98237	83112	41556	16721	39062773	33244913	49036	286519	35139150	13298	40545	60817759	79426	229917	13515	167212	62334	24036731	110778	70184	79687	60817759	45951	159478	34487483	60067	36362	38667784	91902	96669	119682	27030	68152	66223782	94605	
I26	5541	40545173	16622457	27030115	18583	33675	12929	14960	37842	32098	18469	38232	7316	62169	19115825	40545173	36569	26596	27427054	21946580	60067	49555	29920	56516	44416	31167	0	20902	40545173	22992	33788	32397	16622	22992	9235	37842	39712859	37622709	108120	17766279	14867	53560	171392	48654207	54060	24327104	11612	43248184	26126881	31167	45613	10805	15676129	19740	70278	163032	108120	162181	18921081	113033	49118537	52254	32513	43218	50164	33787644	125409	5225376	19522	227053	94057	59466	49867	86437	27172	13515	
I27	24027	36577634	27030115	47302702	54060	11635720	22992	86496	9142351	63165	36362	32397333	39043	9460540	19946948	39894	45951196	24934	41556142	20272586	33037	26707	47303	59466254	64872277	159576	20902	0	43924	43248	58524	64872	44125	33675	10512	66885	129745	28532	26596	47028	24102562	38231650	40633	42595	37623	32436	8361	28532	37842	89876	47028386	33965	3324491	31085	27172	59569289	45250	39894	31352257	27427054	25764808	34487483	42047	52559	81450	59841	31582668	20273	56516	99735	93086	60614	26595931	30128	41803	15676	
I28	32436138	29262	10451	54060	35477	23224	37623	62507	29089	179753	135151	54343913	29089299	178399	51209	58524	24934	29262	70579	34076036	40497	9350	8311	108688	64197	42387265	40545173	43924	0	22063	13934	162181	64828	15676129	23271	105417	17546	20778071	213195	45983311	113033	19115825	18469	19856430	45951196	108120	50681	17418	17569575	103059	57479	34538	48992	47028386	66490	61295	50681	46552	183933	49036247	25764808	13515	9973	41803	36569	65027	49867370	36491	28719	31583	66885	86437	45983	29733	5541	17454	
I29	16622	31167	21624092	97308	18583	16218	27030115	27869	15791334	113526	171392	36015	40545173	10804597	26595931	10389	33245	33965	54344	27869	23514	12466843	60614	55411736	39893896	68927	22992	43248	22063	0	9406	49867	46448	21609194	23651	64872	53192	43218	66490	36939	66885	61569	44125	41803	63165	10812	53192	11495828	6233	61569	254083	140557	18020	32397333	87786	81090	76463	10805	41803	139629	42235	41556	28740	66885	43893160	40633	53415	56516	22525	118933	22991655	118933	158851	26127	16982	86496	
I30	14631053	17454	7272	24102562	7480106	17569575	18020	33787644	29733127	77336	54060230	60067	86437	19393	29920422	28532	32436138	66490	67575	24103	20778071	13506	56763	43248184	32414	42480	33788	58524	13934	9406	0	169549	51057	15699	22525	35139150	51357	20901505	41803010	194617	22440	106384	39190	22440	32397	8361	15699	27172	18921	68975	42848085	15791334	66885	34487483	36578	57479	48335	91967	91902	69077	24933685	69814	14631053	31084633	189211	91967	64872	16721204	10812046	24037	24102562	70278	45951	16721204	7838	18583	
I31	42964	49867	41556	33442408	58115	62705	38786	29551	32413791	45951	13585978	33965	52254	68927	48654	99735	69265	33442408	39193667	136304	296801	59102	263359	70278300	83606	75245	32397	64872	162181	49867	169549	0	25081806	98237	132980	47303	90138	69607	20902	26596	35139150	63749590	267539	75768	30307	162900	36015	106431	47374	34907	29030	61503	45983311	40545173	41556	113526	234097	68510	14960211	46448	65658704	118257	51714	254083	108120	79426	140557	47028	116229	68337	99282	63165335	21624092	67930	46542879	54060	
I32	22992	32206	27704	12013	48205	48073461	17454	37842	55750	10512	118933	36577634	27172	39709	41803	264895	17766279	11635720	43218	33245	156775	37400528	67575	31352	18811354	12540903	16622	44125	64828	46448	51057	25081806	0	22163	125409	109708	55062	88099	23271439	13515058	8360602	61503	50947	183805	5225376	41803	41897	70579	61569	18700	11636	12467	146311	137950	124339	41803	33245	41556	39713	51209	86496	51209	89199	38856	50163612	37158	40517	37542	20778	75684323	80993	62704515	14631053	48205	77336	31352	
I33	25528	13515	13515	20902	63165	40545	13515	32397333	137950	125409	40757935	69077	24037	37622709	67575	150491	8361	53192	32397	46448	48770	32436	18579	12466843	24036731	75245	22992	33675	15676129	21609194	15699	98237	22163	0	86437	116357	89199	97308	34907159	35997	113526	27030	97308	11635720	19739	64872	93086	89761	19115825	13297965	156775	33245	26781	52254	38786	36569405	33788	52708725	35323	151369	37401	20778071	11757	12541	43924	98237	110778	19115825	16218069	35533	47028386	60067	33442	6758	53192	16721204	
I34	10451	178399	19856430	39193667	10512	83606	20902	16622	9144	31352	28217032	42235	75245	54344	54060	30033	39193667	17766279	91967	11636	40545173	45613	194617	54060230	142953	54060	9235	10512	23271	23651	22525	132980	125409	86437	0	11496	31352	27011	70278	47303	18284702	57479	58114748	52709	31352257	41803	2090	135151	25679	205429	51357	56763	3324491	91902	28258	209015	53415	22063	22856	28628	102714	29920	37842161	32397333	73582	39190	54060	13515	17569575	47028	36577634	48654207	29030	36578	29733127	10450752	
I35	24327	44673	40545173	39481	18700	24933685	112868	6757529	20902	27704	27433	81090	20901505	16622	18811	35139	60818	37166	53415	5818	123006	51357219	54576	66223782	259489	41803010	37842	66885	105417	64872	35139150	47303	109708	116357	11496	0	41803	36577634	14129088	43924	33787644	145963	176198	82780	113033	18469	6649	146311	37884	73139	46448	29089	12540903	8128	40545	56899	182847	29030	14960	33788	42480	98237	32414	41803	199469	33245	22856	39894	19946948	38231650	71477	37400528	28740	39713	55750	63165	
I36	44599690	45951196	25081806	259489	27171956	13063	51530	216241	45722	58179	189496	182847	74801	30191	63521	13298	87786	45287	345985	35092	12467	10450752	93086	96147	74462	75478	39712859	129745	17546	53192	51357	90138	55062	89199	31352	41803	0	14631	151369	71849	38231650	43893160	32414	50947	41556142	33788	106384	32436	20273	135151	78381	205429	32513	54576	44600	61503090	41556	20901505	68927	46543	18583	14960211	108688	52709	129655	49867	71994	137950	23271439	37842	50164	9144	61543	162181	14129088	162181	
I37	54060	102714	54344	51208687	41556	23271	44599690	97308	31352	297331	81090	104508	44673	83606	34907159	10451	45983311	32413791	54022984	34284	8109	14776	39481	58060	61659440	175696	37622709	28532	20778071	43218	20901505	69607	88099	97308	27011	36577634	14631	0	140557	89761	48073461	50163612	41556	45712	53298838	18811	47303	8311	17570	286519	49867370	45287	26707	69814	43924	123006	291925	54344	51208687	52253762	14867	26126881	40545	227053	42480	148666	59569289	31167	151369	11635720	29920	13515058	53299	45951196	33788	24103	
I38	30191	209015	61569	137950	46552	76463	39481	33442	73139	118933	18921	8360602	19856	35532558	28258	36569	210835	35139	40757935	96147	229917	79589	47374002	67930	77712	62705	108120	26596	213195	66490	41803010	20902	23271439	34907159	70278	14129088	151369	140557	0	18811	31085	99735	82441851	151369	83793	54060	31352	53298838	74801	59466	68975	172993	29262107	16218	33442408	61503	59218	56763242	7480106	38232	86496369	56332	82780	37400528	71065117	4155614	9142	22163	183805	57255	63373	83793	17570	38231650	47790	24103	
I39	22991655	31582668	28258176	15699	39193667	39063	33965	18284702	78387	5406023	59466	32659	8311	33245	33442	81090	20778071	13298	21817	44416	60256	66223782	49118537	123006	32513	10805	17766279	47028	45983311	36939	194617	26596	13515058	35997	47303	43924	71849	89761	18811	0	8311	192294	64872277	35738282	20273	194617	28217032	40725	113526	23271439	20272586	27433	54060	104508	42595	18284702	43893160	81090	41803	52254	67929891	112868	108120	32397333	238277	22991655	43549	19115825	29089	79738840	52361	51529616	13515	47028	110823	104508	
I40	16257	39193667	24934	10389	28382	210835	20902	54060	26126881	48654	14960211	33675	5195	189211	29551	34076	14776	9973	28381621	33442408	135151	32413791	154671	26781	50164	28532	14867	24102562	113033	66885	22440	35139150	8360602	113526	18284702	33787644	38231650	48073461	31085	8311	0	62507	36015	39481	9406	75684	29733	54060230	31398	28381621	21624092	16518	43218	20778	31582668	23271439	45951	85696	58524	113526	74462	36569	24933685	25546	98237	29089	28258176	22975598	48654	75084	92916	69236	12773	140557	40497	33442	
I41	37622709	45983	26127	48205	50005713	44938	89761	104508	53298838	118933	58524214	53191861	110823	221556	83606	270301	17453580	142130	65886	192820	56434063	53192	23271	29733	30191	98237	53560	38231650	19115825	61569	106384	63749590	61503	27030	57479	145963	43893160	50163612	99735	192294	62507	0	3324491	4645	37158	66490	76463	57064	37622709	24385	40758	28217	48073461	48205	78381	221556	33245	55388988	42387	68337	71629805	54344	20902	20272586	9973	67930	65566	171392	39190	33244913	56434	39893896	79788	16721	29262107	113033	
I42	48654207	11612	40545	41896679	33245	216241	43924	166225	104508	47790	59569289	66884816	70954	169549	170290	200654	22991655	51057	43634	48205124	169549	96410	11495828	23651	31352257	83112	171392	40633	18469	44125	39190	267539	50947	97308	58114748	176198	32414	41556	82441851	64872277	36015	3324491	0	4155614	56516	39478	121636	73155	178399	32436138	38786	75684	243271	96410	53561	58524214	14631053	68926794	140557	68337	67575288	22992	20902	43248	9406	60949	119946	221647	60614	119682	68926794	59466	52253762	81090	20778	89199	
I43	32397	10136	17453580	35139150	34487483	45287	18284702	152927	53415	85696	43218387	62704515	50006	50163612	68510	62169	22976	99735	34168	44880633	84469	25857	45983	10451	26126881	41556	48654207	42595	19856430	41803	22440	75768	183805	11635720	52709	82780	50947	45712	151369	35738282	39481	4645	4155614	0	96410	52559	37862	113033	54060	15791	30751545	124339	34907159	56434063	71849	68926794	22992	50906	63520771	232714	67575288	19115825	12929	12773	14631053	56332	87525	38668	35139150	123006	42387265	47028	67575	50164	19947	81090	
I44	33245	35139150	27171956	4054517	22440317	45983311	59841	39193667	35533	16218069	33965	39712859	14631053	232459	55411736	49119	19947	11082	21023	110823	93086	171392	36577634	45983	11635720	16721	54060	37623	45951196	63165	32397	30307	5225376	19739	31352257	113033	41556142	53298838	83793	20273	9406	37158	56516	96410	0	28258176	99735	44938	158851	17569575	9235	16218069	28258176	29089	62169265	32436138	31352	64872277	37166	68927	127499	74333	33675	97308	49931	33245	58114748	32436	18284702	172874	78381	238277	18700	19947	68975	43893	
I45	11635720	48205	21023	33245	5818	11428	17766279	83606	40545	200023	123006	47302702	52254	17569575	78387	21962	43549	18284702	72080	24385	18284702	18811	60614	58565	51093	39062773	24327104	32436	108120	10812	8361	162900	41803	64872	41803	18469	33788	18811	54060	194617	75684	66490	39478	52559	28258176	0	20273	49867	29920	205429	39709	22991655	13298	36490656	66490	75684323	45983311	22525	167587	52708725	96410	36490656	25546	39190	35738	33244913	87786	13585978	64872	33965	36490656	33965	38319	76463	29262	9973	
I46	18285	59128	19393	31352257	7480106	20316	15791334	8311	4155614	31167	43218	23895	16622	10804597	97308	113526	31352	30409	40633	12540903	32397333	43549	79426	63070	74333	33244913	11612	8361	50681	53192	15699	36015	41897	93086	2090	6649	106384	47303	31352	28217032	29733	76463	121636	37862	99735	20273	0	45613	35477	210835	39712859	29733127	5225	15676129	16721204	66223782	50163612	27030	113526	96410	36939	40757935	99735	54854	275707	23271	162181	25082	49867	35092	50005713	30751545	32436138	45050	39894	12467	
I47	21609	37842161	45951	85696	41803	23271	33787644	189211	50681	83112	59221	41556142	210835	23895	35738282	20273	45722	43109	77035828	189211	14776	6270451	64872	55411736	275707	49036	43248184	28532	17418	11495828	27172	106431	70579	89761	135151	146311	32436	8311	53298838	40725	54060230	57064	73155	113033	44938	49867	45613	0	9973	59466	286519	41896679	21240	139629	167587	284260	149602	25679	69077	43218387	25528	86496	108120	44600	37401	63866	154072	72981	35477	29733	56516	17570	39062773	39894	14867	129745	
I48	41803	27171956	13585978	119682	18921081	11826	25678609	37884	33787644	56173	37400528	36569	26596	19856430	126331	11635720	81090	89761	217376	40545	15791334	8361	38856	200023	38231650	286519	26126881	37842	17569575	6233	18921	47374	61569	19115825	25679	37884	20273	17570	74801	113526	31398	37622709	178399	54060	158851	29920	35477	9973	0	45287	64872	70278	18811354	194617	28050	57255	48770	75245	52709	62705	38232	25679	24327104	30307	54060	66224	53299	17454	15676129	28719	18284702	39713	42595	19393	10812046	35533	
I49	46543	48654	54344	11428	43109	48073	56763	40758	142953	37542	36015	67575288	24010	41556142	44049510	68926794	9405677	28381621	18700	83112	196145	41803010	25857	13515058	37842	35139150	31167	89876	103059	61569	68975	34907	18700	13297965	205429	73139	135151	286519	59466	23271439	28381621	24385	32436138	15791	17569575	205429	210835	59466	45287	0	24327104	45951	54866	63521	45712	43248184	12929	112868	47302702	73155	64794665	60067	29030	11495828	44599690	204835	58179	43109	30191	135151	91602	85595	46552	23224	55750	36578	
I50	26781	142130	33245	16218069	29920422	55062	42047	36578	171392	14370	30191	42595	16622457	106598	49118537	302737	33788	35477	6270451	48828	137950	53299	146278	37842	20272586	13298	45613	47028386	57479	254083	42848085	29030	11636	156775	51357	46448	78381	49867370	68975	20272586	21624092	40758	38786	30751545	9235	39709	39712859	286519	64872	24327104	0	59466	139629	41803	179523	46543	172993	52638	33788	114958	59009721	44881	32414	27011	53299	38667784	36569405	55750	172993	104742	58178598	70020042	26127	35532558	39709	40497	
I51	12773	24327	46543	10450752	24027	33442	32436	31084633	70278	20901505	39193667	48654	16982	54854	77336	37623	8360602	6270451	108688	113033	73139	162181	30191	56763	22991655	40545	10805	33965	34538	140557	15791334	61503	12467	33245	56763	29089	205429	45287	172993	27433	16518	28217	75684	124339	16218069	22991655	29733127	41896679	70278	45951	59466	0	26127	32397333	39712859	37622709	21609194	30751545	19115825	259489	40725	89199	25678609	20273	194617	48335	142953	13297965	10451	108120	39894	188114	34907	15676	34907	9142	
I52	14631053	94605	69814	89199	8311	37623	21817	25082	9460540	36362	167587	56434	19115825	6648983	20901505	33442	44600	21946580	39894	9973	43218	86437	123006	59466	70579	60817759	15676129	3324491	48992	18020	66885	45983311	146311	26781	3324491	12540903	32513	26707	29262107	54060	43218	48073461	243271	34907159	28258176	13298	5225	21240	18811354	54866	139629	26127	0	25678609	15096	44880633	50906	22525	70278	99735	52559	59841	49867	35533	84775	26595931	35532558	37623	53192	44416	54060	137950	96410	31352257	36569	75684	
I53	29733	200654	37623	37401	25081806	38667784	64795	43248	9973474	39193667	45951	7388	108120	76463	8128	38319	52709	67575	48073461	14866563	59466	47028386	54344	70278300	41556	79426	19740	31085	47028386	32397333	34487483	40545173	137950	52254	91902	8128	54576	69814	16218	104508	20778	48205	96410	56434063	29089	36490656	15676129	139629	194617	63521	41803	32397333	25678609	0	20901505	60092	60614364	83793	12466843	16721	44049510	62705	118933	237865	351391	13585978	49867	24327104	96410	71629805	52253762	54344	30033	39709	58565	67575	
I54	72981	55737	45951196	62169265	20316	32436138	31398	32098	12540903	36569	37623	27011	49555	9460540	21624092	28258	42480	91902	79738840	8360602	28217	33245	40725019	66188	62334	229917	70278	27172	66490	87786	36578	41556	124339	38786	28258	40545	44600	43924	33442408	42595	31582668	78381	53561	71849	62169265	66490	16721204	167587	28050	45712	179523	39712859	15096	20901505	0	58179	52360739	18289	68975	19115825	30751545	76463	113526	39894	94605	44600	43248	33037	125409	41803	109708	29920422	123006	35738	35323	35271	
I55	38786	40725	59221	36490656	40725	70020042	175573	45983	53298838	19856430	31352257	94057	41896679	83793	55388988	63719	36577634	39481	23271	58524	82561	54854	77074	34907159	28217032	13515	163032	59569289	61295	81090	57479	113526	41803	36569405	209015	56899	61503090	123006	61503	18284702	23271439	221556	58524214	68926794	32436138	75684323	66223782	284260	57255	43248184	46543	37622709	44880633	60092	58179	0	149602	116567	83793	49867370	282582	90138	44049510	42848085	87847875	67575	39062773	73139	62169265	80470794	346965	84651	54344	45250	242457	74333	
I56	30752	16622	40545173	104508	33244913	73582	37842	41556	70278300	40757935	71629805	131679	39713	75684323	66490	186172	18700	44600	25764808	324361	50698493	65886	124339	4156	18700	167212	108120	45250	50681	76463	48335	234097	33245	33788	53415	182847	41556	291925	59218	43893160	45951	33245	14631053	22992	31352	45983311	50163612	149602	48770	12929	172993	21609194	50906	60614364	52360739	149602	0	77074	64872277	77336	91602	32321	129745	21023	34907	64412	229390	227053	106384	50163612	103059	58524214	47028	113526	142130	29920	
I57	58524	142953	43549	98237	21947	16218069	41803	145963	23224	52253762	62169	65886	51357219	8311	81090	10812	118933	29920422	106431	34907	27172	41556	37862	179523	250818	62334	162181	39894	46552	10805	91967	68510	41556	52708725	22063	29030	20901505	54344	56763242	81090	85696	55388988	68926794	50906	64872277	22525	27030	25679	75245	112868	52638	30751545	22525	83793	18289	116567	77074	0	68152	154671	76463	47302702	32321	47028386	89761	37401	60818	41556	36490656	145963	102714	20316	45983	63165	41556	39043	
I58	66490	175573	71065	25081806	33787644	227053	43218	12929	17453580	16257	5541	31352	16622	34284	37166	38786	162181	71065	35997	33787644	48020	49118537	56899	232459	38668	24036731	18921081	31352257	183933	41803	91902	14960211	39713	35323	22856	14960	68927	51208687	7480106	41803	58524	42387	140557	63520771	37166	167587	113526	69077	52709	47302702	33788	19115825	70278	12466843	68975	83793	64872277	68152	0	24933685	199469	291925	61569	54060	62705	14631053	54060	14960211	112868	65027	60614364	96410	8447	57064	66490	24036731	
I59	44125	73155	67575	54344	205429	42480	196474	19946948	79788	59466254	31352	13852	48335	40545	9235	66490	46542879	34907159	50698493	17766	46173	47374002	77800	80122	54854107	110778	113033	27427054	49036247	139629	69077	46448	51209	151369	28628	33788	46543	52253762	38232	52254	113526	68337	68337	232714	68927	52708725	96410	43218387	62705	73155	114958	259489	99735	16721	19115825	49867370	77336	154671	24933685	0	62704515	55685230	99674	324361	120134	26127	81090	54854	36569	52360739	75684323	69672	58179	60614	286519	46448	
I60	71477	243271	40642	246638	60818	23514	39709	81090	55411736	137950	76639	103052	63866	103059	89537	41803	55388988	104508	101363	57479	10450752	17454	52708725	67349	90138	70184	49118537	25764808	25764808	42235	24933685	65658704	86496	37401	102714	42480	18583	14867	86496369	67929891	74462	71629805	67575288	67575288	127499	96410	36939	25528	38232	64794665	59009721	40725	52559	44049510	30751545	282582	91602	76463	199469	62704515	0	58524	55562	42387265	56899	362204	62796	56763	64197	16257	10812	6757529	65839741	43893	36578	132980	
I61	183805	21946580	83606	110823	24933685	23895	23271439	38231650	142953	44050	250818	56332	47028386	205429	96295	41896679	34487	39712859	73155	204835	46552	33245	18020	34487	156251	79687	52254	34487483	13515	41556	69814	118257	51209	20778071	29920	98237	14960211	26126881	56332	112868	36569	54344	22992	19115825	74333	36490656	40757935	86496	25679	60067	44881	89199	59841	62705	76463	90138	32321	47302702	291925	55685230	58524	0	13852	37842161	31535	216092	114695	100011	56434	18921081	40545	21240	56101	83606	11635720	83793	
I62	29733127	12013	7388	35139	24385	33787644	23271	29920422	52559	40757935	156251	42387265	103059	47302702	50163612	33442408	37623	25081806	42848	38786	41803	12467	26596	16622457	133770	60817759	32513	42047	9973	28740	14631053	51714	89199	11757	37842161	32414	108688	40545	82780	108120	24933685	20902	20902	12929	33675	25546	99735	108120	24327104	29030	32414	25678609	49867	118933	113526	44049510	129745	32321	61569	99674	55562	13852	0	14545	43893	286519	313549	30191	20272586	41556	38668	33442408	33244913	4156	9235	22063	
I63	33037	6648983	16721204	49867	41556	33245	10804597	37401	51357219	39194	55411736	56899	32659	113526	102417	38786	25082	28532	42047	52254	49867	39194	24327104	24327	97308	45951	43218	52559	41803	66885	31084633	254083	38856	12541	32397333	41803	52709	227053	37400528	32397333	25546	20272586	43248	12773	97308	39190	54854	44600	30307	11495828	27011	20273	35533	237865	39894	42848085	21023	47028386	54060	324361	42387265	37842161	14545	0	23087	67575288	148666	22440	14960211	58565	52254	47790	137950	13515	22991655	17453580	
I64	64572	18700	39193667	33245	113526	38786	142130	308143	117048	114958	54023	74801	51945	91424	118257	41556142	32397333	175573	169549	52360739	53298838	49867	54344	38856	64197	159478	50164	81450	36569	43893160	189211	108120	50163612	43924	73582	199469	129655	42480	71065117	238277	98237	9973	9406	14631053	49931	35738	275707	37401	54060	44599690	53299	194617	84775	351391	94605	87847875	34907	89761	62705	120134	56899	31535	43893	23087	0	60672	82561	54576	48654207	45722	68927	59466	242457	22991655	39193667	108120	
I65	32397	45711756	77712	31582668	47302702	41556142	52708725	33788	33788	39043	13515058	9460540	27869	30751545	17766279	63520771	51093	32397333	58114748	20778071	60614	119139	164884	47374002	52253762	34487483	33787644	59841	65027	40633	91967	79426	37158	98237	39190	33245	49867	148666	4155614	22991655	29089	67930	60949	56332	33245	33244913	23271	63866	66224	204835	38667784	48335	26595931	13585978	44600	67575	64412	37401	14631053	26127	362204	216092	286519	67575288	60672	0	5817860	47303	49641	89199380	172993	351391	27030	275707	41556142	91902	
I66	29920	50698493	135151	46751	39712859	281113	118933	62169	28217032	34487483	14960	7315527	34836	50006	22525	50163612	270301	33245	209015	40545	48205124	324361	109708	263359	47374002	60067	125409	31582668	49867370	53415	64872	140557	40517	110778	54060	22856	71994	59569289	9142	43549	28258176	65566	119946	87525	58114748	87786	162181	154072	53299	58179	36569405	142953	35532558	49867	43248	39062773	229390	60818	54060	81090	62796	114695	313549	148666	82561	5817860	0	53192	39709	284260	83606	55685230	42235	234097	72981311	57064	
I67	5225	40545173	30409	39894	5818	25081806	58524	18811	11612	33787644	19946948	26127	13586	24327104	18285	19947	32436	12467	31582668	24327104	73155	37884	71065	37623	39713	36362	5225376	20273	36491	56516	16721204	47028	37542	19115825	13515	39894	137950	31167	22163	19115825	22975598	171392	221647	38668	32436	13585978	25082	72981	17454	43109	55750	13297965	37623	24327104	33037	73139	227053	41556	14960211	54854	56763	100011	30191	22440	54576	47303	53192	0	36569	205429	52708725	50947	20778	67575	22991655	7315527	
I68	14631	17546	23271	41803	5818	69814	13515	20901505	30033	37842161	27427054	48654	14960211	79788	43109	20778071	17766	9973	38439	58524	109708	20901505	19115825	72981	33245	38667784	19522	56516	28719	22525	10812046	116229	20778	16218069	17569575	19946948	23271439	151369	183805	29089	48654	39190	60614	35139150	18284702	64872	49867	35477	15676129	30191	172993	10451	53192	96410	125409	62169265	106384	36490656	112868	36569	64197	56434	20272586	14960211	48654207	49641	39709	36569	0	25765	30751545	29089	40545	21023	17569575	4645	
I69	38667784	27427	21609	51945	25764808	13298	28258176	62169	68152	78381	83793357	82441851	264895	27427054	91227	38232	71477	56173	178399	47028386	14960	8311	26127	243271	121229	91902	227053	99735	31583	118933	24037	68337	75684323	35533	47028	38231650	37842	11635720	57255	79738840	75084	33244913	119682	123006	172874	33965	35092	29733	28719	135151	104742	108120	44416	71629805	41803	80470794	50163612	145963	65027	52360739	16257	18921081	41556	58565	45722	89199380	284260	205429	25765	0	21624	12163552	77036	162181	59841	44416	
I70	34076036	38231650	35532558	60614364	91902	16622	38786	45983	51357	53191861	85144863	78387334	55388988	36491	204835	43248	61543	39893896	61503090	132980	8109035	37166	36939	242457	78961	96669	94057	93086	66885	22991655	24102562	99282	80993	47028386	36577634	71477	50164	29920	63373	52361	92916	56434	68926794	42387265	78381	36490656	50005713	56516	18284702	91602	58178598	39894	54060	52253762	109708	346965	103059	102714	60614364	75684323	10812	40545	38668	52254	68927	172993	83606	52708725	30751545	21624	0	6464	90100	34907159	37842161	35092	
I71	58565	66490	41897	57479	27427054	49867	102714	149602	41803010	65451	170290	78381	68926794	99735	48020	31583	50906	69077	296801	72643	14867	22976	49555	71630	96107	119682	59466	60614	86437	118933	70278	63165335	62704515	60067	48654207	37400528	9144	13515058	83793	51529616	69236	39893896	59466	47028	238277	33965	30751545	17570	39713	85595	70020042	188114	137950	54344	29920422	84651	58524214	20316	96410	69672	6757529	21240	33442408	47790	59466	351391	55685230	50947	29089	12163552	6464	0	199469	123006	31352	77336	
I72	108120	60067	39481	20901505	86437	36569	21609	48654	52254	48654	18921	20901505	7480106	37622709	89761	47028	145963	16721204	21609194	33675	57479139	49118537	49118537	46448	54060	27030	49867	26595931	45983	158851	45951	21624092	14631053	33442	29030	28740	61543	53299	17570	13515	12773	79788	52253762	67575	18700	38319	32436138	39062773	42595	46552	26127	34907	96410	30033	123006	54344	47028	45983	8447	58179	65839741	56101	33244913	137950	242457	27030	42235	20778	40545	77036	90100	199469	0	48654207	33244913	96147	
