TYPE GCVRP
DIMENSION 76
CAPACITY 220
NUMBER_OF_VEHICLES 7
EDGE_WEIGHT_SECTION
0 50352 179247 99919 113037 786 50278 706 14790 748 836 809 28783 806 113152 843 113106 51232 99988 748 101910 45759 815 28893 793 888 179211 51291 821 179266 723 101916 113124 51299 113055 56986 888 45796 101853 769 101784 849 910 113175 99924 706 99883 199205 56902 99960 179316 101767 723 57016 28915 179375 199255 56948 50329 101922 100029 14931 806 51336 51492 113175 199251 113026 56828 855 830 51462 14827 56902 734 50251
50352 0 723 45729 792 832 90566 100011 940 90687 90745 199333 51403 834 179426 28944 99896 179293 50402 992 895 99938 50278 113066 28858 955 866 844 56868 159483 199182 179430 159487 45618 14924 159542 895 28997 29002 816 858 28778 101761 45603 836 99965 45819 851 792 28848 28910 56986 28975 28990 101979 199310 159419 50434 28956 102066 15013 763 51232 679 159428 894 921 866 179270 199237 853 100015 51470 671 28848 90607
179247 723 0 752 732 729 99869 51373 28864 57105 159528 101951 28900 50361 101933 51366 776 90578 199269 838 45796 56874 51291 28858 28960 179375 734 791 113055 761 159377 199315 179321 56926 752 866 780 56937 51477 798 159455 113141 45737 738 792 51276 179279 28841 717 56937 179348 50301 50333 113204 895 101997 866 51388 56983 57224 101905 28829 179220 734 858 45901 29086 45692 50269 199205 838 57083 101899 56839 199118 101767
99919 45729 752 0 199205 159537 50311 179316 895 56868 14887 113221 101790 50429 199278 57194 101755 56941 761 878 953 821 789 199173 28795 199173 791 903 45796 28982 775 826 51232 90566 858 101899 15035 924 28904 179261 159391 99965 873 836 665 159492 815 57023 50402 159396 732 700 28960 159510 985 843 28858 57058 780 113296 29054 29019 57045 50306 199269 816 159551 99942 56902 159574 976 113313 757 50333 45789 99924
113037 792 732 199205 0 56891 113066 45670 50301 45782 179325 101882 14812 99910 14879 56902 113135 28801 14983 763 858 113124 858 50393 861 872 45640 14753 45715 45640 683 57172 99965 50324 51224 159428 792 99947 51403 858 57008 918 179348 832 766 199118 683 56902 746 90664 807 51291 179224 780 179284 199310 825 113118 828 14961 45826 780 101824 99947 29027 903 861 199118 199118 784 28967 793 50356 738 50306 680
786 832 729 159537 56891 0 836 90647 90618 113273 999 50443 57120 28806 90687 50274 45834 199232 179449 50365 56941 28811 14894 113250 29019 50503 101870 706 101818 28759 739 113342 907 57075 28829 780 90532 50269 100043 199301 14968 113244 14976 101928 895 159396 179284 50269 45610 113262 159588 113181 56891 855 821 1028 51537 732 14991 179394 90578 159451 828 179348 179375 871 15065 780 50333 199159 159419 50306 199287 199214 179252 57016
50278 90566 99869 50311 113066 836 0 99938 113135 828 14916 179357 113095 775 918 780 56856 113055 826 90658 159519 179289 50338 14842 766 199242 179247 113124 56891 791 51262 179375 199182 45618 101807 28870 99974 888 101899 90624 90566 50361 45752 743 50320 740 729 828 784 28871 51381 14723 159441 56966 179339 28956 57060 90658 99951 28985 179380 770 99896 702 28910 932 29042 28795 28752 798 179375 28997 199205 706 50306 90515
706 100011 51373 179316 45670 90647 99938 0 45610 28900 101807 113083 711 752 199145 851 159492 90578 199274 50292 51462 28927 45886 970 50434 159505 99873 14797 45834 101841 828 179330 57060 821 99878 680 14976 28982 56879 743 28863 57075 50466 50448 858 28829 159382 14939 90641 113221 113198 813 56856 14738 45700 113250 199315 14879 179247 752 45915 853 807 159510 15102 45707 28885 56839 757 57194 113250 50443 28848 113193 28945 716
14790 940 28864 895 50301 90618 113135 45610 0 826 179298 734 56902 711 113072 743 802 769 199301 113037 159492 793 57035 992 199306 29027 28818 693 199246 729 806 821 45804 28904 90515 28743 90676 113170 50338 28930 786 936 57075 101968 113193 28826 665 45782 828 50434 28950 28908 694 697 711 936 1029 101818 738 50347 947 50434 51433 925 57109 57038 798 101761 51321 100020 57135 872 56931 28916 159478 101801
748 90687 57105 56868 45782 113273 828 28900 826 0 113083 90641 697 179380 28982 101991 813 51291 90572 14954 57132 101985 985 50393 99942 90532 45700 100006 28962 29027 57000 28841 51224 28887 113170 179321 159602 15088 14842 672 14745 29042 159556 57023 732 14954 159483 100061 90722 51358 90538 757 159505 858 199287 752 867 930 101784 970 57167 199328 867 57068 57104 51366 832 828 851 90819 935 159634 14745 45819 947 179302
836 90745 159528 14887 179325 999 14916 101807 179298 113083 0 179252 14790 816 775 57058 90676 28847 113181 51381 90808 947 45960 57202 51470 101836 179275 159505 29086 28950 940 717 14842 867 798 90595 50498 51574 28766 14760 725 964 970 880 90624 50407 99951 101997 848 179362 101853 858 14909 28841 113204 815 1037 57194 179211 113170 102083 29059 50452 947 199383 717 199168 752 793 1104 1111 29183 28766 57172 907 858
809 199333 101951 113221 101882 50443 179357 113083 734 90641 179252 0 113135 101876 113055 159533 970 780 985 56891 45945 885 57291 90802 880 861 99938 821 941 179362 51470 90624 844 51515 45744 14790 50489 57075 688 90618 101870 935 1011 987 861 903 159451 871 199287 1014 159533 57120 56943 179220 159464 57046 57150 45848 56874 179252 46012 179462 876 101985 159675 694 683 113141 57120 1096 1074 90819 757 1007 90745 90653
28783 51403 28900 101790 14812 57120 113095 711 56902 697 14790 113135 0 784 90630 28933 51321 101744 57045 101859 862 932 821 793 858 45722 113037 51366 802 866 50356 56931 56862 113129 28818 757 100038 159542 113106 199132 159368 29019 45871 57127 723 56931 179266 14968 199232 179302 734 90549 748 14827 51418 873 113216 925 99878 90687 102020 901 50379 90618 159574 101841 101876 113072 725 15043 947 1022 683 90635 113175 56956
806 834 50361 50429 99910 28806 775 752 711 179380 816 101876 784 0 51336 45640 29019 780 90802 739 90595 113158 113239 876 199338 947 28885 694 14924 702 179279 57231 179380 849 28789 159419 101853 28829 838 199269 14939 29019 50471 918 14998 739 702 159451 752 871 57081 99983 679 50343 694 57313 1059 159382 159496 57075 50379 14961 903 29027 100084 812 57127 776 50347 793 57053 50375 849 56994 179302 743
113152 179426 101933 199278 14879 90687 918 199145 113072 28982 775 113055 90630 51336 0 45804 985 99974 15073 199127 890 45908 51589 976 29036 848 748 752 113279 789 807 57120 113227 51507 28863 56839 57202 834 99910 113181 179330 90843 29183 102043 947 28930 14812 839 50411 885 913 57000 757 101744 761 947 159638 28938 45722 179229 45953 45982 918 57069 46079 740 51284 199187 90664 45960 28996 179421 50361 199306 890 14894
843 28944 51366 57194 56902 50274 780 851 743 101991 57058 159533 28933 45640 45804 0 159537 56989 57138 199196 14753 159441 199255 113290 976 50512 866 50292 56948 159391 51314 100107 15043 28921 51321 57045 199159 101755 199287 45915 199274 15050 28990 57194 113267 45655 14835 56964 706 1022 15095 113204 56879 101893 99910 179499 50494 28744 179375 100015 56902 873 826 179375 871 992 918 199196 757 99938 28833 99919 113256 45819 99933 199200
113106 99896 776 101755 113135 45834 56856 159492 802 813 90676 970 51321 29019 985 159537 0 56956 28885 45871 50466 14916 775 159400 179252 28923 99933 895 159455 159492 821 45863 740 113043 858 45826 57029 895 14968 757 179257 738 769 56978 99887 51388 113170 90676 28938 694 45707 688 57098 57142 179394 844 159428 29042 14902 899 947 113187 56891 28749 821 101956 15050 57031 113095 100029 102008 159569 14879 717 90612 113106
51232 179293 90578 56941 28801 199232 113055 90578 769 51291 28847 780 101744 780 99974 56989 56956 0 45752 28881 159547 99979 28945 159469 28908 28900 50274 159455 113158 90624 50329 826 706 50311 740 45722 101928 821 57045 199159 99860 28910 51425 50375 179238 743 45692 90664 50361 799 45715 677 763 28900 28967 101899 57098 807 28812 834 57075 861 780 51314 28956 821 179348 159400 199141 90722 862 51515 734 56902 159460 159386
99988 50402 199269 761 14983 179449 826 199274 199301 90572 113181 985 57045 90802 15073 57138 28885 45752 0 45953 51693 159597 179394 851 56949 199136 793 871 51522 113296 51507 858 50297 113175 57040 101968 15154 940 867 159441 799 45848 159537 179353 51276 51529 179385 1066 29013 159428 677 28864 199306 907 1081 99896 784 46027 101882 921 57410 90796 113233 51381 50471 962 29002 816 159515 29205 981 29123 761 179348 57202 14946
748 992 838 878 763 50365 90658 50292 113037 14954 51381 56891 101859 739 199127 199196 45871 28881 45953 0 159501 932 50466 889 15088 28985 763 754 830 101841 199219 50425 199269 101933 199150 199118 179357 159496 28847 90670 826 50503 908 889 29019 101824 711 14939 57075 100061 159560 50393 199141 724 688 113319 15125 99928 828 113095 90727 28996 179375 101962 931 757 45737 776 56948 901 50420 45878 101870 90716 90676 179293
101910 895 45796 953 858 56941 159519 51462 159492 57132 90808 45945 862 90595 890 14753 50466 159547 51693 159501 0 45722 179366 29131 90848 1163 51470 51336 90653 90578 757 29123 29146 101945 866 50407 159400 56897 29031 159611 29086 953 50471 45930 100089 743 821 179257 729 50507 57167 100034 99951 57179 113152 113451 921 56862 179421 179412 700 51403 101910 159565 936 113331 908 56989 50388 199168 687 56934 959 57150 50356 179339
45759 99938 56874 821 113124 28811 179289 28927 793 101985 947 885 932 113158 45908 159441 14916 99979 159597 932 45722 0 113101 28921 100047 970 51418 101836 159386 711 159405 179476 848 57031 45759 925 700 179257 51567 1007 821 99979 50370 179311 28950 113101 51388 677 113043 872 113290 14902 50356 901 179348 199388 45848 99947 913 903 199182 50283 199155 57068 99970 57115 15125 90641 757 199132 45722 56978 913 99924 56912 821
815 50278 51291 789 858 14894 50338 45886 57035 985 45960 57291 821 113239 51589 199255 775 28945 179394 50466 179366 113101 0 799 802 50471 199251 57112 179224 56954 28871 29077 45856 101795 14946 101974 50365 101899 903 913 28927 99896 706 28778 844 56954 57006 28893 45729 179311 50439 101853 50407 113296 866 90814 14849 179371 101985 102089 932 51262 50274 776 28789 29168 100134 56983 748 113141 179366 51418 913 99883 159414 57053
28893 113066 28858 199173 50393 113250 14842 970 992 50393 57202 90802 793 876 976 113290 159400 159469 851 889 29131 28921 799 0 199155 113204 99988 970 28864 947 880 1029 101859 711 940 1007 57052 101991 90773 50407 179316 28796 45662 113055 56914 51462 51485 947 14954 717 57060 28871 57179 1029 102031 834 199109 50484 14998 102100 102037 113187 734 28781 45729 903 29077 113204 28915 15013 29048 57246 101933 50311 56960 90647
793 28858 28960 28795 861 29019 766 50434 199306 99942 51470 880 858 199338 29036 976 179252 28908 56949 15088 90848 100047 802 199155 0 50343 90670 999 45841 862 199264 57017 746 775 50434 15035 90802 982 45901 101864 56925 101853 815 786 706 101956 45886 15058 853 14730 754 769 51522 199315 159620 798 159428 29059 113210 944 90871 50452 28898 14812 45841 930 903 113216 159492 57121 102095 51648 45796 101859 179366 56977
888 955 179375 199173 872 50503 199242 159505 29027 90532 101836 861 45722 947 848 50512 28923 28900 199136 28985 1163 970 50471 113204 50343 0 159483 50457 876 57231 179394 28818 711 56994 57150 872 102077 29198 56960 199145 51314 57058 100061 179389 113089 857 825 199356 15073 836 99869 51373 977 57006 29031 51239 28944 159620 775 57092 179531 90825 977 57105 29153 832 51470 159505 855 57358 90900 100162 51306 100020 1007 28975
179211 866 734 791 45640 101870 179247 99873 28818 45700 179275 99938 113037 28885 748 866 99933 50274 793 763 51470 51418 199251 99988 90670 159483 0 101807 866 113124 45707 113175 199178 113124 179229 28818 861 849 14827 740 56934 90710 28950 910 28863 776 101761 880 786 159483 45759 199145 729 101801 28908 28939 29012 14902 746 50393 913 90704 101864 99951 113273 828 28887 671 51269 14991 57046 57179 50306 50356 113147 51239
51291 844 791 903 14753 706 113124 14797 693 100006 159505 821 51366 694 752 50292 895 159455 871 754 51336 101836 57112 970 999 50457 101807 0 45752 14738 28795 57209 101922 101870 51224 28806 14857 51314 199232 90681 775 853 179385 159533 113204 14723 113043 51314 28818 57035 901 90624 661 57023 56862 970 179407 50292 815 793 784 832 51381 51433 100056 99997 816 45648 50315 50375 50365 56954 789 159478 56902 113083
821 56868 113055 45796 45715 101818 56891 45834 199246 28962 29086 941 802 14924 113279 56948 159455 113158 51522 830 90653 159386 179224 28864 45841 876 866 45752 0 101813 101772 29161 100011 729 199214 29004 179270 757 29008 895 50393 748 179275 752 895 14827 45782 101790 739 50379 90727 51343 45774 901 100015 159615 45782 51403 28967 912 784 56926 99860 56902 99933 102025 917 57053 45685 99919 56971 50356 113250 28796 179211 199182
179266 159483 761 28982 45640 28759 791 101841 729 29027 28950 179362 866 702 789 159391 159492 90624 113296 101841 90578 711 56954 947 862 57231 113124 14738 101813 0 113049 179430 101933 761 45662 28893 50311 50297 100015 179366 56971 51477 101922 101910 100006 28744 50311 706 159373 51477 15028 14872 51262 821 28835 57298 100043 199145 101910 50429 45744 99947 90601 56971 884 179385 101968 50315 51284 14842 769 14842 28933 113141 90549 14797
723 199182 159377 775 683 739 51262 828 806 57000 940 51470 50356 179279 807 51314 821 50329 51507 199219 757 159405 28871 880 199264 179394 45707 28795 101772 113049 0 50471 51425 179261 51284 836 28856 757 872 14946 199210 50384 90647 199210 113175 113043 179261 56862 28766 56977 878 729 28806 832 90635 113313 90687 28841 28967 51515 780 50333 723 813 14939 57040 57209 734 702 113129 775 28908 57105 734 90509 45640
101916 179430 199315 826 57172 113342 179375 179330 821 28841 717 90624 56931 57231 57120 100107 45863 826 858 50425 29123 179476 29077 1029 57017 28818 113175 57209 29161 179430 50471 0 780 57058 50420 57112 90871 159652 101807 99906 836 993 29083 90808 113164 50461 179362 46027 199347 199278 101847 100002 895 866 199315 14835 29036 102043 725 101933 1004 46079 179440 15028 51708 28824 14872 90681 29034 179522 90912 990 761 90773 899 57150
113124 159487 179321 51232 99965 907 199182 57060 45804 51224 14842 844 56862 179380 113227 15043 740 706 50297 199269 29146 848 45856 101859 746 711 199178 101922 100011 101933 51425 780 0 179293 28887 50388 159588 100075 770 717 688 100002 90699 14931 671 101910 57083 51522 51477 159428 99864 199155 28916 28904 29057 56902 159492 199315 56897 113279 57328 113279 28960 45729 918 101887 159524 51358 199200 1059 90831 987 723 99965 57000 90612
51299 45618 56926 90566 50324 57075 45618 821 28904 28887 867 51515 113129 849 51507 28921 113043 50311 113175 101933 101945 57031 101795 711 775 56994 113124 101870 729 761 179261 57058 179293 0 50356 50397 28960 28982 834 101882 14835 51306 14812 706 159432 28893 50365 50361 748 716 14894 50283 179316 90704 179375 844 45707 932 159501 29131 199292 757 90526 56822 45752 57058 57092 748 732 113193 901 51470 113181 56889 50311 734
113055 14924 752 858 51224 28829 101807 99878 90515 113170 798 45744 28818 28789 28863 51321 858 740 57040 199150 866 45759 14946 940 50434 57150 179229 51224 199214 45662 51284 50420 28887 50356 0 113060 113170 159464 28908 45767 743 90727 962 57142 815 28772 113009 14864 56993 14961 57135 28871 661 14805 99910 29002 101968 101813 159446 179325 28997 199251 851 821 51537 90647 45796 28752 739 90681 844 910 101847 90635 806 700
56986 159542 866 101899 159428 780 28870 680 28743 179321 90595 14790 757 159419 56839 57045 45826 45722 101968 199118 50407 925 101974 1007 15035 872 28818 28806 29004 28893 836 57112 50388 50397 113060 0 113227 844 720 45752 828 29116 50480 45923 50393 179275 199123 28916 90641 100034 101933 159473 711 101744 28826 101985 50489 101847 199168 45707 179394 57058 199264 113227 50512 99924 159446 50292 752 853 100029 848 90601 113216 45804 50324
888 895 780 15035 792 90532 99974 14976 90676 159602 50498 50489 100038 101853 57202 199159 57029 101928 15154 179357 159400 700 50365 57052 90802 102077 861 14857 179270 50311 28856 90871 159588 28960 113170 113227 0 56828 29131 90791 853 884 199264 90699 871 45707 50384 14723 45648 29086 90819 14961 101864 101974 57098 981 199315 757 57231 199342 45640 725 28864 57142 50416 199361 102060 28904 770 14730 28783 90515 102008 14902 720 14902
45796 28997 56937 924 99947 50269 888 28982 113170 15088 51574 57075 159542 28829 834 101755 895 821 940 159496 56897 179257 101899 101991 982 29198 849 51314 757 50297 757 159652 100075 28982 159464 844 56828 0 29101 100079 907 918 179389 159547 936 113101 45767 199132 56949 15073 917 101928 101836 100024 45752 100171 15080 28789 924 930 56934 786 57075 14991 179394 29124 970 159483 14887 706 50278 717 113290 895 45707 199219
101853 29002 51477 28904 51403 100043 101899 56879 50338 14842 28766 688 113106 838 99910 199287 14968 57045 867 28847 29031 51567 903 90773 45901 56960 14827 199232 29008 100015 872 101807 770 834 28908 720 29131 29101 0 113101 57023 100107 1096 29131 28945 51440 90612 936 100038 57179 56977 14916 803 56941 826 100002 159606 955 683 99938 1118 179462 45923 848 1034 665 199136 179293 14931 179467 159624 57313 56949 853 159556 199219
769 816 798 179261 858 199301 90624 743 28930 672 14760 90618 199132 199269 113181 45915 757 199159 159441 90670 159611 1007 913 50407 101864 199145 740 90681 895 179366 14946 99906 717 101882 45767 45752 90791 100079 113101 0 199132 28979 999 839 56964 14946 798 199310 29027 770 754 90595 45796 28858 159533 743 884 45915 28772 90704 1016 57098 29012 821 29042 769 51388 748 159473 1081 199374 926 28752 90681 29019 28858
101784 858 159455 159391 57008 14968 90566 28863 786 14745 725 101870 159368 14939 179330 199274 179257 99860 799 826 29086 821 28927 179316 56925 51314 56934 775 50393 56971 199210 836 688 14835 743 828 853 907 57023 199132 0 45834 179362 101899 113049 28923 57016 940 179339 799 761 51254 99951 199200 816 770 57105 57023 28795 29027 90802 199287 780 101830 57058 159473 798 769 28848 51544 45968 90779 101767 14872 90653 56879
849 28778 113141 99965 918 113244 50361 57075 936 29042 964 935 29019 29019 90843 15050 738 28910 45848 50503 953 99979 99896 28796 101853 57058 90710 853 748 51477 50384 993 100002 51306 90727 29116 884 918 100107 28979 45834 0 661 101726 101887 100015 100043 51455 849 101824 113221 113152 907 199351 90819 29019 50283 947 199319 179522 1037 56937 101807 754 199141 113371 179508 28950 90647 825 113308 862 100052 113089 803 50393
910 101761 45737 873 179348 14976 45752 50466 57075 159556 970 1011 45871 50471 29183 28990 769 51425 159537 908 50471 50370 706 45662 815 100061 28950 179385 179275 101922 90647 29083 90699 14812 962 50480 199264 179389 1096 999 179362 661 0 665 99988 159519 29049 56989 14924 821 179375 28923 15013 100098 179449 964 723 1022 29101 179522 1014 113124 90566 28833 113049 179485 46087 14983 56954 50402 1022 57179 930 14790 199200 28960
113175 45603 738 836 832 101928 743 50448 101968 57023 880 987 57127 918 102043 57194 56978 50375 179353 889 45930 179311 28778 113055 786 179389 910 159533 752 101910 199210 90808 14931 706 57142 45923 90699 159547 29131 839 101899 101726 665 0 50370 51433 179371 50393 45796 199173 812 14849 834 953 90791 1022 56851 159569 992 50558 1014 748 179247 101767 723 179462 90860 113210 836 50407 876 113256 51507 28783 199196 28938
99924 836 792 665 766 895 50320 858 113193 732 90624 861 723 14998 947 113267 99887 179238 51276 29019 100089 28950 844 56914 706 113089 28863 113204 895 100006 113175 113164 671 159432 815 50393 871 936 28945 56964 113049 101887 99988 50370 0 798 50375 113244 28933 739 179229 732 798 199246 985 821 101859 999 45722 57231 57138 45886 101870 14812 101951 179348 962 57031 743 50475 90819 29042 159428 199196 56977 56908
706 99965 51276 159492 199118 159396 740 28829 28826 14954 50407 903 56931 739 28930 45655 51388 743 51529 101824 743 113101 56954 51462 101956 857 776 14723 14827 28744 113043 50461 101910 28893 28772 179275 45707 113101 51440 14946 28923 100015 159519 51433 798 0 45648 50306 50278 14961 179380 769 99869 843 50329 1059 895 51284 14909 932 50370 843 101830 90647 199283 825 57029 717 14768 90624 843 90624 101893 50343 56868 199141
99883 45819 179279 815 683 179284 729 159382 665 159483 99951 159451 179266 702 14812 14835 113170 45692 179385 711 821 51388 57006 51485 45886 825 101761 113043 45782 50311 179261 179362 57083 50365 113009 199123 50384 45767 90612 798 57016 100043 29049 179371 50375 45648 0 45759 45715 14968 861 806 113026 729 734 1007 918 57001 14835 50370 179366 867 50375 99983 15058 199214 14902 28749 50306 179357 918 812 821 51396 99942 159400
199205 851 28841 57023 56902 50269 828 14939 45782 100061 101997 871 14968 159451 839 56964 90676 90664 1066 14939 179257 677 28893 947 15058 199356 880 51314 101790 706 56862 46027 51522 50361 14864 28916 14723 199132 936 199310 940 51455 56989 50393 113244 50306 45759 0 99860 57179 15073 873 179289 50429 14909 29106 50443 56993 51515 880 51299 14797 14827 57098 159510 102020 29138 28915 45715 28796 50315 56949 857 99942 56934 14857
56902 792 717 50402 746 45610 784 90641 828 90722 848 199287 199232 752 50411 706 28938 50361 29013 57075 729 113043 45729 14954 853 15073 786 28818 739 159373 28766 199347 51477 748 56993 90641 45648 56949 100038 29027 179339 849 14924 45796 28933 50278 45715 99860 0 101928 57209 28908 746 14946 159469 179467 101945 28818 57142 90750 99938 56993 776 113164 51440 57217 113290 199182 729 45685 743 56897 159533 179279 702 56885
99960 28848 56937 159396 90664 113262 28871 113221 50434 51358 179362 1014 179302 871 885 1022 694 799 159428 100061 50507 872 179311 717 14730 836 159483 57035 50379 51477 56977 199278 159428 716 14961 100034 29086 15073 57179 770 799 101824 821 199173 739 14961 14968 57179 101928 0 776 28841 90716 57202 199338 880 179247 57098 903 102066 999 51470 101847 706 888 28996 159602 90664 101853 29086 51626 51596 51403 101818 45804 90635
179316 28910 179348 732 807 159588 51381 113198 28950 90538 101853 159533 734 57081 913 15095 45707 45715 677 159560 57167 113290 50439 57060 754 99869 45759 901 90727 15028 878 101847 99864 14894 57135 101933 90819 917 56977 754 761 113221 179375 812 179229 179380 861 15073 57209 776 0 28878 50429 113227 50484 50301 14916 179444 57038 57104 967 199333 199264 159464 113290 855 844 45804 14916 46020 963 1028 90589 838 179380 90653
101767 56986 50301 700 51291 113181 14723 813 28908 757 858 57120 90549 99983 57000 113204 688 677 28864 50393 100034 14902 101853 28871 769 51373 199145 90624 51343 14872 729 100002 199155 50283 28871 159473 14961 101928 14916 90595 51254 113152 28923 14849 732 769 806 873 28908 28841 28878 0 113141 821 861 849 761 812 748 15035 199310 28960 784 45648 14946 90687 50434 716 113055 29012 199306 28973 99928 113083 99928 199136
723 28975 50333 28960 179224 56891 159441 56856 694 159505 14909 56943 748 679 757 56879 57098 763 199306 199141 99951 50356 50407 57179 51522 977 729 661 45774 51262 28806 895 28916 179316 661 711 101864 101836 803 45796 99951 907 15013 834 798 99869 113026 179289 746 90716 50429 113141 0 784 101778 889 159569 51284 28908 50375 51433 99997 99970 113193 100066 789 838 28766 50311 90670 45796 28904 50370 815 99933 14782
57016 28990 113204 159510 780 855 56966 14738 697 858 28841 179220 14827 50343 101744 101893 57142 28900 907 724 57179 901 113296 1029 199315 57006 101801 57023 901 821 832 866 28904 90704 14805 101744 101974 100024 56941 28858 199200 199351 100098 953 199246 843 729 50429 14946 57202 113227 821 784 0 757 90739 976 28945 711 113089 885 102014 29042 15006 15162 717 50306 776 50370 1037 930 113296 51321 179380 51462 28900
28915 101979 895 985 179284 821 179339 45700 711 199287 113204 159464 51418 694 761 99910 179394 28967 1081 688 113152 179348 866 102031 159620 29031 28908 56862 100015 28835 90635 199315 29057 179375 99910 28826 57098 45752 826 159533 816 90819 179449 90791 985 50329 734 14909 159469 199338 50484 861 101778 757 0 179472 931 90555 56977 748 812 100043 29027 199306 51641 57098 57090 51336 28887 113227 50388 807 50407 199283 159501 90630
179375 199310 101997 843 199310 1028 28956 113250 936 752 815 57046 873 57313 947 179499 844 101899 99896 113319 113451 199388 90814 834 798 51239 28939 970 159615 57298 113313 14835 56902 844 29002 101985 981 100171 100002 743 770 29019 964 1022 821 1059 1007 29106 179467 880 50301 849 889 90739 179472 0 50443 46072 28945 917 50626 90871 885 878 1126 45856 857 100034 985 1085 29192 113463 56937 179407 29048 45886
199255 159419 866 28858 825 51537 57060 199315 1029 867 1037 57150 113216 1059 159638 50494 159428 57098 784 15125 921 45848 14849 199109 159428 28944 29012 179407 45782 100043 90687 29036 159492 45707 101968 50489 199315 15080 159606 884 57105 50283 723 56851 101859 895 918 50443 101945 179247 14916 761 159569 976 931 50443 0 90814 999 113423 51626 179343 14857 51276 99928 159629 50553 14991 50384 918 100116 964 113256 14835 28910 199251
56948 50434 51388 57058 113118 732 90658 14879 101818 930 57194 45848 925 159382 28938 28744 29042 807 46027 99928 56862 99947 179371 50484 29059 159620 14902 50292 51403 199145 28841 102043 199315 932 101813 101847 757 28789 955 45915 57023 947 1022 159569 999 51284 57001 56993 28818 57098 179444 812 51284 28945 90555 46072 90814 0 100020 28927 50343 903 179343 901 100079 199292 57187 99947 843 14879 14820 179284 113250 100006 99947 51366
50329 28956 56983 780 828 14991 99951 179247 738 101784 179211 56874 99878 159496 45722 179375 14902 28812 101882 828 179421 913 101985 14998 113210 775 746 815 28967 101910 28967 725 56897 159501 159446 199168 57231 924 683 28772 28795 199319 29101 992 45722 14909 14835 51515 57142 903 57038 748 28908 711 56977 28945 999 100020 0 780 50512 15080 51477 51440 113342 723 28863 725 28870 102025 976 100098 45596 51455 100015 775
101922 102066 57224 113296 14961 179394 28985 752 50347 970 113170 179252 90687 57075 179229 100015 899 834 921 113095 179412 903 102089 102100 944 57092 50393 793 912 50429 51515 101933 113279 29131 179325 45707 199342 930 99938 90704 29027 179522 179522 50558 57231 932 50370 880 90750 102066 57104 15035 50375 113089 748 917 113423 28927 780 0 987 949 45997 15125 51768 90589 14790 99983 199287 931 1059 102048 99992 113331 15073 101933
100029 15013 101905 29054 45826 90578 179380 45915 947 57167 102083 46012 102020 50379 45953 56902 947 57075 57410 90727 700 199182 932 102037 90871 179531 913 784 784 45744 780 1004 57328 199292 28997 179394 45640 56934 1118 1016 90802 1037 1014 1014 57138 50370 179366 51299 99938 999 967 199310 51433 885 812 50626 51626 50343 50512 987 0 56948 51448 876 101985 15177 179494 57164 45841 101784 28744 680 1005 113239 90635 50420
14931 763 28829 29019 780 159451 770 853 50434 199328 29059 179462 901 14961 45982 873 113187 861 90796 28996 51403 50283 51262 113187 50452 90825 90704 832 56926 99947 50333 46079 113279 757 199251 57058 725 786 179462 57098 199287 56937 113124 748 45886 843 867 14797 56993 51470 199333 28960 99997 102014 100043 90871 179343 903 15080 949 56948 0 179252 851 51329 50535 100148 28990 56943 746 57075 179289 159592 28829 706 28945
806 51232 179220 57045 101824 828 99896 807 51433 867 50452 876 50379 903 918 826 56891 780 113233 179375 101910 199155 50274 734 28898 977 101864 51381 99860 90601 723 179440 28960 90526 851 199264 28864 57075 45923 29012 780 101807 90566 179247 101870 101830 50375 14827 776 101847 199264 784 99970 29042 29027 885 14857 179343 51477 45997 51448 179252 0 159409 56908 15073 15110 101853 754 99947 113210 826 825 199109 179229 101813
51336 679 734 50306 99947 179348 702 159510 925 57068 947 101985 90618 29027 57069 179375 28749 51314 51381 101962 159565 57068 776 28781 14812 57105 99951 51433 56902 56971 813 15028 45729 56822 821 113227 57142 14991 848 821 101830 754 28833 101767 14812 90647 99983 57098 113164 706 159464 45648 113193 15006 199306 878 51276 901 51440 15125 876 851 159409 0 179298 1014 29124 199210 725 51462 113285 159556 28904 51239 769 738
51492 159428 858 199269 29027 179375 28910 15102 57109 57104 199383 159675 159574 100084 46079 871 821 28956 50471 931 936 99970 28789 45729 45841 29153 113273 100056 99933 884 14939 51708 918 45752 51537 50512 50416 179394 1034 29042 57058 199141 113049 723 101951 199283 15058 159510 51440 888 113290 14946 100066 15162 51641 1126 99928 100079 113342 51768 101985 51329 56908 179298 0 199420 113451 101974 910 90676 57231 57179 29048 769 858 29012
113175 894 45901 816 903 871 932 45707 57038 51366 717 694 101841 812 740 992 101956 821 962 757 113331 57115 29168 903 930 832 828 99997 102025 179385 57040 28824 101887 57058 90647 99924 199361 29124 665 769 159473 113371 179485 179462 179348 825 199214 102020 57217 28996 855 90687 789 717 57098 45856 159629 199292 723 90589 15177 50535 15073 1014 199420 0 674 45767 90693 1133 29190 15162 51306 15058 871 28967
199251 921 29086 159551 861 15065 29042 28885 798 832 199168 683 101876 57127 51284 918 15050 179348 29002 45737 908 15125 100134 29077 903 51470 28887 816 917 101968 57209 14872 159524 57092 45796 159446 102060 970 199136 51388 798 179508 46087 90860 962 57029 14902 29138 113290 159602 844 50434 838 50306 57090 857 50553 57187 28863 14790 179494 100148 15110 29124 113451 674 0 99979 179380 29106 90843 949 45744 29036 1044 51455
113026 866 45692 99942 199118 780 28795 56839 101761 828 752 113141 113072 776 199187 199196 57031 159400 816 776 56989 90641 56983 113204 113216 159505 671 45648 57053 50315 734 90681 51358 748 28752 50292 28904 159483 179293 748 769 28950 14983 113210 57031 717 28749 28915 199182 90664 45804 716 28766 776 51336 100034 14991 99947 725 99983 57164 28990 101853 199210 101974 45767 99979 0 50288 14961 932 90699 159437 28900 769 683
56828 179270 50269 56902 199118 50333 28752 757 51321 851 793 57120 725 50347 90664 757 113095 199141 159515 56948 50388 757 748 28915 159492 855 51269 50315 45685 51284 702 29034 199200 732 739 752 770 14887 14931 159473 28848 90647 56954 836 743 14768 50306 45715 729 101853 14916 113055 50311 50370 28887 985 50384 843 28870 199287 45841 56943 754 725 910 90693 179380 50288 0 199228 812 199246 51373 51276 739 101726
855 199237 199205 159574 784 199159 798 57194 100020 90819 1104 1096 15043 793 45960 99938 100029 90722 29205 901 199168 199132 113141 15013 57121 57358 14991 50375 99919 14842 113129 179522 1059 113193 90681 853 14730 706 179467 1081 51544 825 50402 50407 50475 90624 179357 28796 45685 29086 46020 29012 90670 1037 113227 1085 918 14879 102025 931 101784 746 99947 51462 90676 1133 29106 14961 199228 0 56971 709 57276 14902 50320 90670
830 853 838 976 28967 159419 179375 113250 57135 935 1111 1074 947 57053 28996 28833 102008 862 981 50420 687 45722 179366 29048 102095 90900 57046 50365 56971 769 775 90912 90831 901 844 100029 28783 50278 159624 199374 45968 113308 1022 876 90819 843 918 50315 743 51626 963 199306 45796 930 50388 29192 100116 14820 976 1059 28744 57075 113210 113285 57231 29190 90843 932 812 56971 0 179215 51619 834 851 179357
51462 100015 57083 113313 793 50306 28997 50443 872 159634 29183 90819 1022 50375 179421 99919 159569 51515 29123 45878 56934 56978 51418 57246 51648 100162 57179 56954 50356 14842 28908 990 987 51470 910 848 90515 717 57313 926 90779 862 57179 113256 29042 90624 812 56949 56897 51596 1028 28973 28904 113296 807 113463 964 179284 100098 102048 680 179289 826 159556 57179 15162 949 90699 199246 709 179215 0 50512 50407 90612 57000
14827 51470 101899 757 50356 199287 199205 28848 56931 14745 28766 757 683 849 50361 113256 14879 734 761 101870 959 913 913 101933 45796 51306 50306 789 113250 28933 57105 761 723 113181 101847 90601 102008 113290 56949 28752 101767 100052 930 51507 159428 101893 821 857 159533 51403 90589 99928 50370 51321 50407 56937 113256 113250 45596 99992 1005 159592 825 28904 29048 51306 45744 159437 51373 57276 51619 50512 0 910 825 28847
56902 671 56839 50333 738 199214 706 113193 28916 45819 57172 1007 90635 56994 199306 45819 717 56902 179348 90716 57150 99924 99883 50311 101859 100020 50356 159478 28796 113141 734 90773 99965 56889 90635 113216 14902 895 853 90681 14872 113089 14790 28783 199196 50343 51396 99942 179279 101818 838 113083 815 179380 199283 179407 14835 100006 51455 113331 113239 28829 199109 51239 769 15058 29036 28900 51276 14902 834 50407 910 0 14775 776
734 28848 199118 45789 50306 179252 50306 28945 159478 947 907 90745 113175 179302 890 99933 90612 159460 57202 90676 50356 56912 159414 56960 179366 1007 113147 56902 179211 90549 90509 899 57000 50311 806 45804 720 45707 159556 29019 90653 803 199200 199196 56977 56868 99942 56934 702 45804 179380 99928 99933 51462 159501 29048 28910 99947 100015 15073 90635 706 179229 769 858 871 1044 769 739 50320 851 90612 825 14775 0 159423
50251 90607 101767 99924 680 57016 90515 716 101801 179302 858 90653 56956 743 14894 199200 113106 159386 14946 179293 179339 821 57053 90647 56977 28975 51239 113083 199182 14797 45640 57150 90612 734 700 50324 14902 199219 199219 28858 56879 50393 28960 28938 56908 199141 159400 14857 56885 90635 90653 199136 14782 28900 90630 45886 199251 51366 775 101933 50420 28945 101813 738 29012 28967 51455 683 101726 90670 179357 57000 28847 776 159423 0
TYPE_OF_ARC
-1 0 0 0 1 1 0 0 2 0 2 1 1 2 1 2 1 2 0 0 1 2 1 1 0 2 0 2 2 0 1 1 1 2 1 2 2 2 1 1 1 1 2 1 0 0 0 0 1 0 0 1 1 2 2 0 0 1 0 1 0 2 2 2 2 1 0 1 1 1 0 2 2 1 0 0
0 -1 1 2 1 1 1 0 2 1 1 0 2 0 0 1 0 0 0 2 1 0 0 1 1 2 2 1 1 0 0 0 0 2 2 0 2 2 1 0 2 1 1 2 2 0 2 2 1 2 1 2 2 1 1 0 0 0 1 1 2 1 2 0 0 0 0 2 0 0 0 0 2 1 2 1
0 1 -1 0 2 0 0 2 1 2 0 1 2 0 1 2 2 1 0 1 2 1 2 1 2 0 0 2 1 2 0 0 0 2 1 2 1 1 2 0 0 1 2 0 1 2 0 2 1 1 0 0 0 1 2 1 2 2 1 2 1 1 0 1 2 2 2 2 0 0 1 2 1 1 0 1
0 2 0 -1 0 0 0 0 2 1 2 1 1 0 0 2 1 2 2 1 1 0 0 0 1 0 2 2 2 2 0 1 2 1 2 1 2 1 1 0 0 0 2 2 2 0 1 1 0 0 2 1 2 0 2 2 1 1 1 1 1 2 2 0 0 0 0 0 1 0 1 1 1 0 2 0
1 1 2 0 -1 1 1 2 0 2 0 1 2 0 2 1 1 1 2 1 2 1 2 0 1 1 2 2 2 2 0 2 0 0 2 0 1 0 2 2 2 2 0 1 0 0 0 1 2 1 0 2 0 1 0 0 0 1 2 2 2 0 1 0 2 2 1 0 0 0 2 0 0 0 0 2
1 1 0 0 1 -1 2 1 1 1 2 0 2 1 1 0 2 0 0 0 2 2 2 1 1 0 1 0 1 2 2 1 1 2 1 0 1 0 0 0 2 1 2 1 1 0 0 0 2 1 0 1 1 1 2 1 2 2 2 0 1 0 2 0 0 0 2 1 0 0 0 0 0 0 0 2
0 1 0 0 1 2 -1 0 1 2 2 0 1 0 2 0 1 1 1 1 0 0 0 2 0 0 0 1 1 2 2 0 0 2 1 1 0 2 1 1 1 0 2 0 0 1 0 2 2 2 2 2 0 1 0 1 2 1 0 1 0 0 0 0 1 2 2 1 2 0 0 2 0 1 0 1
0 0 2 0 2 1 0 -1 2 2 1 1 0 1 0 2 0 1 0 0 2 1 2 2 0 0 0 2 2 1 2 0 2 1 0 2 2 2 1 0 2 1 0 0 2 1 0 2 1 1 1 2 1 2 2 1 0 2 0 0 2 0 0 0 2 2 2 1 1 2 1 0 2 1 2 0
2 2 1 2 0 1 1 2 -1 1 0 0 1 1 1 0 0 1 0 1 0 0 1 2 0 2 2 0 0 0 2 0 2 1 1 1 1 1 0 2 1 1 1 1 1 2 0 2 2 0 1 2 2 0 1 1 2 1 0 0 2 0 2 2 1 2 1 1 2 0 2 1 1 1 0 1
0 1 2 1 2 1 2 2 1 -1 1 1 0 0 2 1 2 2 1 2 1 1 2 0 0 1 2 0 1 2 1 2 2 1 1 0 0 2 2 2 2 2 0 1 2 2 0 0 1 2 1 1 0 2 0 1 1 1 1 2 1 0 1 2 1 2 1 2 2 1 0 0 2 2 2 0
2 1 0 2 0 2 2 1 0 1 -1 0 2 0 1 1 1 1 1 2 1 1 2 2 2 1 0 0 2 1 2 1 2 1 1 1 0 2 2 2 0 1 1 0 1 0 0 1 0 0 1 2 2 2 1 1 2 2 0 1 1 1 0 2 0 2 0 0 0 2 2 2 2 2 1 2
1 0 1 1 1 0 0 1 0 1 0 -1 1 1 1 0 2 0 2 1 2 0 2 1 0 1 0 1 1 0 2 1 1 2 2 2 0 1 1 1 1 0 1 1 1 2 0 0 0 2 0 2 1 0 0 1 1 2 1 0 2 0 0 1 0 2 1 1 2 2 2 1 1 2 1 1
1 2 2 1 2 2 1 0 1 0 2 1 -1 0 1 1 2 1 2 1 0 2 0 0 2 2 1 2 0 2 0 1 1 1 1 1 0 0 1 0 0 2 2 2 1 1 0 2 0 0 0 1 0 2 2 2 1 2 0 1 1 1 0 1 0 1 1 1 0 2 1 2 0 1 1 2
2 0 0 0 0 1 0 1 1 0 0 1 0 -1 2 2 2 0 1 2 1 1 1 0 0 1 2 2 2 0 0 2 0 1 1 0 1 1 1 0 2 1 0 1 2 2 0 0 1 0 1 0 0 0 2 2 2 0 0 2 0 2 2 2 0 0 2 2 0 0 2 0 1 1 0 0
1 0 1 0 2 1 2 0 1 2 1 1 1 2 -1 2 2 0 2 0 1 2 2 1 1 0 0 0 1 0 0 2 1 2 2 1 2 0 0 1 0 1 2 1 2 2 2 0 0 0 1 1 1 1 2 1 0 2 2 0 2 2 1 1 2 1 2 0 1 2 1 0 0 0 1 2
2 1 2 2 1 0 0 2 0 1 1 0 1 2 2 -1 0 1 1 0 2 0 0 1 1 0 2 0 1 0 2 0 2 1 2 2 0 1 0 2 0 2 1 2 1 2 2 2 0 2 2 1 1 1 0 0 0 2 0 0 1 2 1 0 0 2 1 0 0 0 2 0 1 2 0 0
1 0 2 1 1 2 1 0 0 2 1 2 2 2 2 0 -1 2 2 2 0 2 1 0 0 2 0 2 0 0 2 2 1 1 2 2 1 1 2 0 0 0 1 2 0 2 1 1 2 1 2 1 2 2 0 1 0 2 2 0 1 1 1 1 1 1 2 2 1 0 1 0 2 1 1 1
2 0 1 2 1 0 1 1 1 2 1 0 1 0 0 1 2 -1 2 1 0 0 2 0 2 2 0 0 1 1 0 1 0 0 1 2 1 0 2 0 0 1 2 0 0 0 2 1 0 2 2 1 1 2 2 1 2 0 1 0 1 1 1 2 1 1 0 0 0 1 0 2 1 1 0 0
0 0 0 2 2 0 1 0 0 1 1 2 2 1 2 1 2 2 -1 2 2 0 0 2 2 0 0 0 2 1 2 2 0 1 1 1 2 0 1 0 2 2 0 0 2 2 0 2 1 0 1 1 0 1 2 0 0 2 1 0 2 1 1 2 0 2 1 0 0 2 0 1 0 0 2 2
0 2 1 1 1 0 1 0 1 2 2 1 1 2 0 0 2 1 2 -1 0 2 0 0 2 1 1 2 0 1 0 0 0 1 0 0 0 0 1 1 1 0 0 0 2 1 1 2 2 0 0 0 0 2 1 1 2 0 2 1 1 1 0 1 0 0 2 2 1 1 0 2 1 1 1 0
1 1 2 1 2 2 0 2 0 1 1 2 0 1 1 2 0 0 2 0 -1 2 0 2 1 2 2 2 1 1 0 1 2 1 2 0 0 2 1 0 2 1 0 2 0 0 1 0 0 0 1 0 0 2 1 1 0 1 0 0 1 2 1 0 1 1 0 1 0 0 2 2 1 2 0 0
2 0 1 0 1 2 0 1 0 1 1 0 2 1 2 0 2 0 0 2 2 -1 1 1 0 1 2 1 0 0 0 0 0 2 2 2 1 0 2 2 0 0 0 0 1 1 2 1 1 1 1 2 0 1 0 0 2 0 1 0 0 0 0 2 0 1 2 1 1 0 2 2 1 0 2 2
1 0 2 0 2 2 0 2 1 2 2 2 0 1 2 0 1 2 0 0 0 1 -1 2 0 0 0 2 0 1 2 1 2 1 2 1 0 1 0 1 1 0 1 1 1 1 1 2 2 0 0 1 0 1 0 1 2 0 1 1 2 2 0 2 1 2 0 1 0 1 0 2 1 0 0 2
1 1 1 0 0 1 2 2 2 0 2 1 0 0 1 1 0 0 2 0 2 1 2 -1 0 1 0 2 1 2 2 2 1 0 2 2 1 1 1 0 0 2 2 1 1 2 2 2 2 2 2 2 2 2 1 0 0 0 2 1 1 1 0 2 2 0 1 1 2 2 1 2 1 0 1 1
0 1 2 1 1 1 0 0 0 0 2 0 2 0 1 1 0 2 2 2 1 0 0 0 -1 0 1 2 2 0 0 1 1 1 0 2 1 1 2 1 1 1 1 1 0 1 2 2 0 2 2 1 2 0 0 1 0 1 1 0 1 0 1 2 2 1 0 1 0 1 1 2 2 1 0 1
2 2 0 0 1 0 0 0 2 1 1 1 2 1 0 0 2 2 0 1 2 1 0 1 0 -1 0 0 0 2 0 1 1 1 2 1 1 2 1 0 2 1 0 0 1 0 0 0 2 2 0 2 2 1 1 2 1 0 1 1 0 1 2 2 2 1 2 0 1 2 1 0 2 0 2 2
0 2 0 2 2 1 0 0 2 2 0 0 1 2 0 2 0 0 0 1 2 2 0 0 1 0 -1 1 2 1 2 1 0 1 0 2 1 1 2 1 2 1 1 2 2 2 1 2 1 0 2 0 1 1 2 1 2 2 2 0 1 1 1 0 1 2 1 1 2 2 1 2 0 0 1 2
2 1 2 2 2 0 1 2 0 0 0 1 2 2 0 0 2 0 0 2 2 1 2 2 2 0 1 -1 2 2 1 2 1 1 2 1 2 2 0 1 0 0 0 0 1 2 1 2 2 1 1 1 0 2 1 1 0 0 1 0 0 1 2 2 0 0 0 2 0 0 0 1 0 0 1 1
2 1 1 2 2 1 1 2 0 1 2 1 0 2 1 1 0 1 2 0 1 0 0 1 2 0 2 2 -1 1 1 2 0 1 0 2 0 0 1 1 0 0 0 1 2 2 2 1 2 0 1 2 2 1 0 0 2 2 1 0 0 2 0 1 0 1 0 2 2 0 1 0 1 2 0 0
0 0 2 2 2 2 2 1 0 2 1 0 2 0 0 0 0 1 1 1 1 0 1 2 0 2 1 2 1 -1 1 0 1 0 2 2 0 0 0 0 1 2 1 1 0 2 0 1 0 2 2 2 2 1 1 2 0 0 1 0 2 0 1 1 1 0 1 0 2 2 1 2 1 1 1 2
1 0 0 0 0 2 2 2 2 1 2 2 0 0 0 2 2 0 2 0 0 0 2 2 0 0 2 1 1 1 -1 0 2 0 2 2 2 1 1 2 0 0 1 0 1 1 0 1 2 1 1 0 1 1 1 1 1 1 2 2 0 0 1 2 2 1 2 1 2 1 0 2 2 1 1 2
1 0 0 1 2 1 0 0 0 2 1 1 1 2 2 0 2 1 2 0 1 0 1 2 1 1 1 2 2 0 0 -1 1 1 0 2 1 0 1 0 2 1 1 1 1 0 0 2 0 0 1 0 1 2 0 2 1 1 0 1 0 2 0 2 2 1 2 1 2 0 1 0 2 1 0 2
1 0 0 2 0 1 0 2 2 2 2 1 1 0 1 2 1 0 0 0 2 0 2 1 1 1 0 1 0 1 2 1 -1 0 1 0 0 0 0 2 1 0 1 2 1 1 2 2 2 0 0 0 1 1 2 1 0 0 1 1 2 1 2 2 1 1 0 2 0 2 1 1 1 0 1 1
2 2 2 1 0 2 2 1 1 1 1 2 1 1 2 1 1 0 1 1 1 2 1 0 1 1 1 1 1 0 0 1 0 -1 0 0 2 2 0 1 2 2 2 0 0 2 0 0 0 0 2 0 0 1 0 0 2 2 0 2 0 0 1 1 2 1 1 0 2 1 1 2 1 2 0 1
1 2 1 2 2 1 1 0 1 1 1 2 1 1 2 2 2 1 1 0 2 2 2 2 0 2 0 2 0 2 2 0 1 0 -1 1 1 0 2 2 0 1 2 2 1 1 1 2 2 2 2 2 0 2 0 1 1 1 0 0 2 0 2 1 2 1 2 2 2 1 1 2 1 1 2 1
2 0 2 1 0 0 1 2 1 0 1 2 1 0 1 2 2 2 1 0 0 2 1 2 2 1 2 1 2 2 2 2 0 0 1 -1 1 1 0 2 2 2 0 2 0 0 0 1 1 0 1 0 1 1 2 1 0 1 0 2 0 1 0 1 0 0 0 0 0 0 0 0 1 1 2 0
2 2 1 2 1 1 0 2 1 0 0 0 0 1 2 0 1 1 2 0 0 1 0 1 1 1 1 2 0 0 2 1 0 2 1 1 -1 1 2 1 0 1 0 1 0 2 0 2 2 2 1 2 1 1 2 0 0 1 2 0 2 0 1 2 0 0 1 1 0 2 1 1 1 2 0 2
2 2 1 1 0 0 2 2 1 2 2 1 0 1 0 1 1 0 0 0 2 0 1 1 1 2 1 2 0 0 1 0 0 2 0 1 1 -1 2 0 1 1 0 0 1 1 2 0 2 2 0 1 1 0 2 0 2 1 1 1 2 1 2 2 0 2 1 0 2 0 0 2 1 2 2 0
1 1 2 1 2 0 1 1 0 2 2 1 1 1 0 0 2 2 1 1 1 2 0 1 2 1 2 0 1 0 1 1 0 0 2 0 2 2 -1 1 2 0 2 2 2 2 1 1 0 2 1 2 1 2 1 0 0 2 0 0 2 0 2 0 1 0 0 0 2 0 0 2 2 0 0 0
1 0 0 0 2 0 1 0 2 2 2 1 0 0 1 2 0 0 0 1 0 2 1 0 1 0 1 1 1 0 2 0 2 1 2 2 1 0 1 -1 0 1 2 0 2 2 1 0 2 0 2 1 2 1 0 0 1 2 1 1 1 1 2 1 1 1 2 0 0 2 0 0 2 1 2 1
1 2 0 0 2 2 1 2 1 2 0 1 0 2 0 0 0 0 2 1 2 0 1 0 1 2 2 0 0 1 0 2 1 2 0 2 0 1 2 0 -1 2 0 1 1 2 2 2 0 2 2 2 0 0 0 0 2 1 1 2 1 0 0 1 1 0 0 2 2 2 2 1 1 2 1 1
1 1 1 0 2 1 0 1 1 2 1 0 2 1 1 2 0 1 2 0 1 0 0 2 1 1 1 0 0 2 0 1 0 2 1 2 1 1 0 1 2 -1 0 1 1 0 0 2 1 1 1 1 1 0 1 1 0 1 0 0 2 1 1 2 0 1 0 1 1 0 1 0 0 1 1 0
2 1 2 2 0 2 2 0 1 0 1 1 2 0 2 1 1 2 0 0 0 0 1 2 1 0 1 0 0 1 1 1 1 2 2 0 0 0 2 2 0 0 -1 0 0 0 2 1 2 2 0 2 2 0 0 1 1 2 2 0 2 1 1 2 1 0 2 2 1 0 2 2 1 2 0 2
1 2 0 2 1 1 0 0 1 1 0 1 2 1 1 2 2 0 0 0 2 0 1 1 1 0 2 0 1 1 0 1 2 0 2 2 1 0 2 0 1 1 0 -1 0 2 0 0 2 0 0 2 0 1 1 2 1 0 2 0 2 0 0 1 1 0 1 1 2 0 0 1 2 1 0 2
0 2 1 2 0 1 0 2 1 2 1 1 1 2 2 1 0 0 2 2 0 1 1 1 0 1 2 1 2 0 1 1 1 0 1 0 0 1 2 2 1 1 0 0 -1 0 0 1 1 2 0 2 0 0 2 2 1 2 2 2 1 2 1 2 1 0 2 2 0 0 1 1 0 0 1 1
