TYPE GCVRP
DIMENSION 23
CAPACITY 4500
NUMBER_OF_VEHICLES 3
EDGE_WEIGHT_SECTION
0 67 64 68 94 78 61 56 16294 61 92 52 44 10875 69 23519 71 22797 54 63 70 21714 110
67 0 45 5067 87 87 47 68 23519 62 59 57 104 58 61 59 55 68 69 22948 71 88 80
64 45 0 45 30744 87 51 16521 83 14566 63 64 13404 61 59 74 5067 71 65 89 12705 91 17816
68 5067 45 0 84 84 52 73 22109 83 14845 71 111 63 54 65 47 11493 17639 93 69 91 78
94 87 30744 84 0 40 78 12682 48 90 61 70 21351 62 210 98 171 148 28216 101 24927 89 31817
78 87 87 84 40 0 23158 71 70 90 14127 67 21714 65 105 93 28814 108 84 97 25371 22075 32261
61 47 51 52 78 23158 0 59 85 81 7301 50 85 49 13169 64 59 84 79 93 67 85 79
56 68 16521 73 12682 71 59 0 6179 5625 67 69 52 50 74 24344 76 104 65 76 17150 87 24038
16294 23519 83 22109 48 70 85 6179 0 55 52 61 75 56 118 87 82 105 77 173 80 67 116
61 62 14566 83 90 90 81 5625 55 0 41 48 55 46 20712 97 128 25462 74 28938 77 67 25816
92 59 63 14845 61 14127 7301 67 52 41 0 44 9792 43 74 92 71 82 88 27855 88 81 24483
52 57 64 71 70 67 50 69 61 48 44 0 47 43 67 71 14845 73 15933 143 14927 67 21594
44 104 13404 111 21351 21714 85 52 75 55 9792 47 0 55 115 139 121 95 10514 83 69 141 87
10875 58 61 63 62 65 49 50 56 46 43 43 55 0 17918 19875 16801 77 85 158 86 81 105
69 61 59 54 210 105 13169 74 118 20712 74 67 115 17918 0 6464 62 45 18823 73 53 24038 11816
23519 59 74 65 98 93 64 24344 87 97 92 71 139 19875 6464 0 44 53 92 78 15963 99 76
71 55 5067 47 171 28814 59 76 82 128 71 14845 121 16801 62 44 0 8419 120 20433 66 32167 76
22797 68 71 11493 148 108 84 104 105 25462 82 73 95 77 45 53 8419 0 22436 77 52 90 84
54 69 65 17639 28216 84 79 65 77 74 88 15933 10514 85 18823 92 120 22436 0 74 8260 65 69
63 22948 89 93 101 97 93 76 173 28938 27855 143 83 158 73 78 20433 77 74 0 51 114 60
70 71 12705 69 24927 25371 67 17150 80 77 88 14927 69 86 53 15963 66 52 8260 51 0 140 50
21714 88 91 91 89 22075 85 87 67 67 81 67 141 81 24038 99 32167 90 65 114 140 0 94
110 80 17816 78 31817 32261 79 24038 116 25816 24483 21594 87 105 11816 76 76 84 69 60 50 94 0
TYPE_OF_ARC
-1 2 2 2 2 2 2 2 2 2 2 2 2 2 2 2 2 2 2 2 2 2 2
2 -1 1 1 2 2 1 1 2 1 1 1 2 1 1 1 1 1 1 1 0 1 0
2 1 -1 1 2 2 1 1 2 1 1 1 2 1 1 1 1 1 1 1 0 1 0
2 1 1 -1 1 1 1 1 1 1 1 1 2 1 1 1 1 1 1 1 1 1 1
2 2 2 1 -1 2 2 2 2 2 2 2 2 2 2 1 1 2 2 2 0 2 0
2 2 2 1 2 -1 2 2 2 2 2 2 2 2 2 1 1 2 2 2 0 2 0
2 1 1 1 2 2 -1 1 2 1 1 1 2 1 1 1 1 1 1 1 0 1 0
2 1 1 1 2 2 1 -1 2 1 1 1 2 1 1 1 1 1 2 2 0 0 0
2 2 2 1 2 2 2 2 -1 2 2 2 2 2 2 1 1 2 2 2 0 2 0
2 1 1 1 2 2 1 1 2 -1 1 1 2 1 1 1 1 1 2 2 0 0 0
2 1 1 1 2 2 1 1 2 1 -1 1 2 1 1 1 1 1 2 2 0 0 0
2 1 1 1 2 2 1 1 2 1 1 -1 2 1 1 1 1 1 2 2 0 0 0
2 2 2 2 2 2 2 2 2 2 2 2 -1 2 2 2 2 2 2 2 2 2 2
2 1 1 1 2 2 1 1 2 1 1 1 2 -1 1 1 1 1 2 2 0 0 0
2 1 1 1 2 2 1 1 2 1 1 1 2 1 -1 1 1 0 2 2 0 0 0
2 1 1 1 1 1 1 1 1 1 1 1 2 1 1 -1 1 1 1 1 1 1 1
2 1 1 1 1 1 1 1 1 1 1 1 2 1 1 1 -1 1 1 1 1 1 1
2 1 1 1 2 2 1 1 2 1 1 1 2 1 0 1 1 -1 2 2 0 0 0
2 1 1 1 2 2 1 2 2 2 2 2 2 2 2 1 1 2 -1 2 0 0 0
2 1 1 1 2 2 1 2 2 2 2 2 2 2 2 1 1 2 2 -1 0 0 0
2 0 0 1 0 0 0 0 0 0 0 0 2 0 0 1 1 0 0 0 -1 0 0
2 1 1 1 2 2 1 0 2 0 0 0 2 0 0 1 1 0 0 0 0 -1 0
2 0 0 1 0 0 0 0 0 0 0 0 2 0 0 1 1 0 0 0 0 0 -1
CONDITION_OF_ARC
-1 0 0 0 3 2 0 0 5 2 4 2 3 5 2 5 2 5 0 1 2 5 3
0 -1 2 5 2 2 3 0 5 2 2 0 4 0 0 2 0 0 1 5 2 0 0
0 2 -1 0 5 1 0 5 2 5 0 3 5 0 3 4 5 3 1 3 5 2 5
0 5 0 -1 1 0 2 0 5 3 5 3 4 1 0 4 3 5 5 3 2 0 0
3 2 5 1 -1 2 2 5 1 4 1 2 5 1 4 2 4 3 5 2 5 3 5
2 2 1 0 2 -1 5 3 4 4 5 1 5 2 2 1 5 0 1 1 5 5 5
0 3 0 2 2 5 -1 1 3 4 5 0 4 1 5 0 2 3 3 3 1 2 1
0 0 5 0 5 3 1 -1 5 5 4 4 1 2 1 5 0 3 0 0 5 4 5
5 5 2 5 1 4 3 5 -1 3 1 0 3 2 3 0 0 2 2 4 0 1 3
2 2 5 3 4 4 4 5 3 -1 2 2 1 0 5 3 4 5 2 5 2 2 5
4 2 0 5 1 5 5 4 1 2 -1 1 5 0 2 3 2 2 3 5 3 3 5
2 0 3 3 2 1 0 4 0 2 1 -1 2 2 2 0 5 1 5 4 5 1 5
3 4 5 4 5 5 4 1 3 1 5 2 -1 0 4 4 4 3 5 3 1 4 1
5 0 0 1 1 2 1 2 2 0 0 2 0 -1 5 5 5 1 3 4 3 3 3
2 0 3 0 4 2 5 1 3 5 2 2 4 5 -1 5 4 2 5 0 2 5 5
5 2 4 4 2 1 0 5 0 3 3 0 4 5 5 -1 2 2 3 0 5 1 2
2 0 5 3 4 5 2 0 0 4 2 5 4 5 4 2 -1 5 4 5 0 5 2
5 0 3 5 3 0 3 3 2 5 2 1 3 1 2 2 5 -1 5 2 1 1 4
0 1 1 5 5 1 3 0 2 2 3 5 5 3 5 3 4 5 -1 4 5 0 0
1 5 3 3 2 1 3 0 4 5 5 4 3 4 0 0 5 2 4 -1 2 4 1
2 2 5 2 5 5 1 5 0 2 3 5 1 3 2 5 0 1 5 2 -1 4 1
5 0 2 0 3 5 2 4 1 2 3 1 4 3 5 1 5 1 0 4 4 -1 2
3 0 5 0 5 5 1 5 3 5 5 5 1 3 5 2 2 4 0 1 1 2 -1
DISTANCE
0 47 41 49 62 64 35 27 45 37 33 22 7 30 49 65 54 63 22 43 50 60 80
47 0 15 18 78 77 13 57 65 46 39 33 41 36 43 39 30 58 65 82 71 102 96
41 15 0 8 85 85 21 59 71 52 45 36 37 42 28 28 18 44 56 70 57 101 80
49 18 8 0 93 92 27 67 79 60 53 44 45 50 27 21 12 41 63 76 59 109 80
62 78 85 93 0 4 65 35 17 32 39 50 59 42 106 114 103 122 78 100 112 57 143
64 77 85 92 4 0 64 37 20 32 39 51 60 43 106 114 103 123 81 103 114 61 145
35 13 21 27 65 64 0 43 52 33 26 19 29 23 47 49 39 63 56 75 69 89 96
27 57 59 67 35 37 43 0 17 20 22 24 25 23 74 87 76 90 43 65 77 46 108
45 65 71 79 17 20 52 17 0 19 26 35 42 29 89 99 88 106 61 83 95 50 125
37 46 52 60 32 32 33 20 19 0 7 19 31 10 74 81 70 91 57 80 86 65 116
33 39 45 53 39 39 26 22 26 7 0 13 27 3 68 74 63 84 55 77 81 69 110
22 33 36 44 50 51 19 24 35 19 13 0 15 10 55 64 53 72 44 65 67 69 97
7 41 37 45 59 60 29 25 42 31 27 15 0 24 48 62 51 64 29 50 54 64 84
30 36 42 50 42 43 23 23 29 10 3 10 24 0 64 71 60 81 52 74 77 70 107
49 43 28 27 106 106 47 74 89 74 68 55 48 64 0 23 19 16 52 57 34 108 53
65 39 28 21 114 114 49 87 99 81 74 64 62 71 23 0 11 28 73 80 57 125 71
54 30 18 12 103 103 39 76 88 70 63 53 51 60 19 11 0 30 64 73 53 115 71
63 58 44 41 122 123 63 90 106 91 84 72 64 81 16 28 30 0 62 62 34 121 43
22 65 56 63 78 81 56 43 61 57 55 44 29 52 52 73 64 62 0 22 37 59 67
43 82 70 76 100 103 75 65 83 80 77 65 50 74 57 80 73 62 22 0 29 71 52
50 71 57 59 112 114 69 77 95 86 81 67 54 77 34 57 53 34 37 29 0 96 30
60 102 101 109 57 61 89 46 50 65 69 69 64 70 108 125 115 121 59 71 96 0 123
80 96 80 80 143 145 96 108 125 116 110 97 84 107 53 71 71 43 67 52 30 123 0
DAMAGES
0 0 0
0 0 0.0167
0 0.0167 0.0391
0.0167 0.0391 0.0616
0.0391 0.0616 0.0941
0.0616 0.0941 0.1267
DEMAND_SECTION
1 0
2 125
3 84
4 60
5 500
6 300
7 175
8 350
9 150
10 1100
11 4100
12 225
13 300
14 250
15 500
16 150
17 100
18 250
19 120
20 600
21 500
22 175
23 75
