TYPE GCVRP
DIMENSION 23
CAPACITY 4500
NUMBER_OF_VEHICLES 3
EDGE_WEIGHT_SECTION
0 67 64 68 94 78 61 56 16294 61 92 52 44 10875 69 23519 71 22797 54 63 70 21714 110
67 0 44 4038 74 73 46 68 14482 62 59 57 104 58 59 56 54 65 65 18261 76 97 86
64 44 0 45 18927 74 50 16521 71 14566 63 64 13404 61 55 68 4038 66 62 81 12705 84 17816
68 4038 45 0 78 78 50 73 17594 83 14845 71 111 63 52 61 45 9149 14038 85 64 85 74
94 74 18927 78 0 39 67 9816 45 80 57 64 21351 58 175 90 147 128 28216 101 31329 89 39991
78 73 74 78 39 0 14260 65 59 80 10934 63 21714 61 94 86 22927 98 84 97 31888 22075 40549
61 46 50 50 67 14260 0 59 70 81 7301 50 85 49 10482 61 56 77 73 84 71 94 85
56 68 16521 73 9816 65 59 0 4788 5625 67 69 52 50 74 24344 76 104 61 71 21551 97 30211
16294 14482 71 17594 45 59 70 4788 0 52 50 58 75 53 104 81 77 94 77 173 86 67 130
61 62 14566 83 80 80 81 5625 52 0 41 48 55 46 20712 97 128 25462 68 22389 83 72 32447
92 59 63 14845 57 10934 7301 67 50 41 0 44 9792 43 74 92 71 82 79 21551 97 89 30771
52 57 64 71 64 63 50 69 58 48 44 0 47 43 67 71 14845 73 12331 122 18757 71 27138
44 104 13404 111 21351 21714 85 52 75 55 9792 47 0 55 115 139 121 95 10514 83 69 141 87
10875 58 61 63 58 61 49 50 53 46 43 43 55 0 17918 19875 16801 77 76 134 95 89 117
69 59 55 52 175 94 10482 74 104 20712 74 67 115 17918 0 5149 58 47 18823 73 56 39053 14845
23519 56 68 61 90 86 61 24344 81 97 92 71 139 19875 5149 0 43 51 83 74 12705 91 71
71 54 4038 45 147 22927 56 76 77 128 71 14845 121 16801 58 43 0 6704 106 16260 63 25593 71
22797 65 66 9149 128 98 77 104 94 25462 82 73 95 77 47 51 6704 0 22436 77 55 109 94
54 65 62 14038 28216 84 73 61 77 68 79 12331 10514 76 18823 83 106 22436 0 74 10375 73 73
63 18261 81 85 101 97 84 71 173 22389 21551 122 83 134 73 74 16260 77 74 0 53 154 63
70 76 12705 64 31329 31888 71 21551 86 83 97 18757 69 95 56 12705 63 55 10375 53 0 194 52
21714 97 84 85 89 22075 94 97 67 72 89 71 141 89 39053 91 25593 109 73 154 194 0 116
110 86 17816 74 39991 40549 85 30211 130 32447 30771 27138 87 117 14845 71 71 94 73 63 52 116 0
TYPE_OF_ARC
-1 2 2 2 2 2 2 2 2 2 2 2 2 2 2 2 2 2 2 2 2 2 2
2 -1 0 0 0 0 0 1 0 1 1 1 2 1 0 0 0 0 0 0 1 2 1
2 0 -1 0 0 0 0 1 0 1 1 1 2 1 0 0 0 0 0 0 0 0 0
2 0 0 -1 0 0 0 1 0 1 1 1 2 1 0 0 0 0 0 0 0 0 0
2 0 0 0 -1 0 0 1 0 1 1 1 2 1 1 0 0 1 2 2 1 2 1
2 0 0 0 0 -1 0 1 0 1 1 1 2 1 1 0 0 1 2 2 1 2 1
2 0 0 0 0 0 -1 1 0 1 1 1 2 1 0 0 0 0 0 0 1 2 1
2 1 1 1 1 1 1 -1 1 1 1 1 2 1 1 1 1 1 1 1 1 1 1
2 0 0 0 0 0 0 1 -1 1 1 1 2 1 1 0 0 1 2 2 1 2 1
2 1 1 1 1 1 1 1 1 -1 1 1 2 1 1 1 1 1 1 1 1 1 1
2 1 1 1 1 1 1 1 1 1 -1 1 2 1 1 1 1 1 1 1 1 1 1
2 1 1 1 1 1 1 1 1 1 1 -1 2 1 1 1 1 1 1 1 1 1 1
2 2 2 2 2 2 2 2 2 2 2 2 -1 2 2 2 2 2 2 2 2 2 2
2 1 1 1 1 1 1 1 1 1 1 1 2 -1 1 1 1 1 1 1 1 1 1
2 0 0 0 1 1 0 1 1 1 1 1 2 1 -1 0 0 1 2 2 1 2 1
2 0 0 0 0 0 0 1 0 1 1 1 2 1 0 -1 0 0 0 0 0 0 0
2 0 0 0 0 0 0 1 0 1 1 1 2 1 0 0 -1 0 0 0 0 0 0
2 0 0 0 1 1 0 1 1 1 1 1 2 1 1 0 0 -1 2 2 1 2 1
2 0 0 0 2 2 0 1 2 1 1 1 2 1 2 0 0 2 -1 2 1 2 1
2 0 0 0 2 2 0 1 2 1 1 1 2 1 2 0 0 2 2 -1 1 2 1
2 1 0 0 1 1 1 1 1 1 1 1 2 1 1 0 0 1 1 1 -1 2 1
2 2 0 0 2 2 2 1 2 1 1 1 2 1 2 0 0 2 2 2 2 -1 2
2 1 0 0 1 1 1 1 1 1 1 1 2 1 1 0 0 1 1 1 1 2 -1
CONDITION_OF_ARC
-1 0 0 0 3 2 0 0 5 2 4 2 3 5 2 5 2 5 0 1 2 5 3
0 -1 2 5 2 2 3 0 5 2 2 0 4 0 0 2 0 0 1 5 2 0 0
0 2 -1 0 5 1 0 5 2 5 0 3 5 0 3 4 5 3 1 3 5 2 5
0 5 0 -1 1 0 2 0 5 3 5 3 4 1 0 4 3 5 5 3 2 0 0
3 2 5 1 -1 2 2 5 1 4 1 2 5 1 4 2 4 3 5 2 5 3 5
2 2 1 0 2 -1 5 3 4 4 5 1 5 2 2 1 5 0 1 1 5 5 5
0 3 0 2 2 5 -1 1 3 4 5 0 4 1 5 0 2 3 3 3 1 2 1
0 0 5 0 5 3 1 -1 5 5 4 4 1 2 1 5 0 3 0 0 5 4 5
5 5 2 5 1 4 3 5 -1 3 1 0 3 2 3 0 0 2 2 4 0 1 3
2 2 5 3 4 4 4 5 3 -1 2 2 1 0 5 3 4 5 2 5 2 2 5
4 2 0 5 1 5 5 4 1 2 -1 1 5 0 2 3 2 2 3 5 3 3 5
2 0 3 3 2 1 0 4 0 2 1 -1 2 2 2 0 5 1 5 4 5 1 5
3 4 5 4 5 5 4 1 3 1 5 2 -1 0 4 4 4 3 5 3 1 4 1
5 0 0 1 1 2 1 2 2 0 0 2 0 -1 5 5 5 1 3 4 3 3 3
2 0 3 0 4 2 5 1 3 5 2 2 4 5 -1 5 4 2 5 0 2 5 5
5 2 4 4 2 1 0 5 0 3 3 0 4 5 5 -1 2 2 3 0 5 1 2
2 0 5 3 4 5 2 0 0 4 2 5 4 5 4 2 -1 5 4 5 0 5 2
5 0 3 5 3 0 3 3 2 5 2 1 3 1 2 2 5 -1 5 2 1 1 4
0 1 1 5 5 1 3 0 2 2 3 5 5 3 5 3 4 5 -1 4 5 0 0
1 5 3 3 2 1 3 0 4 5 5 4 3 4 0 0 5 2 4 -1 2 4 1
2 2 5 2 5 5 1 5 0 2 3 5 1 3 2 5 0 1 5 2 -1 4 1
5 0 2 0 3 5 2 4 1 2 3 1 4 3 5 1 5 1 0 4 4 -1 2
3 0 5 0 5 5 1 5 3 5 5 5 1 3 5 2 2 4 0 1 1 2 -1
DISTANCE
0 47 41 49 62 64 35 27 45 37 33 22 7 30 49 65 54 63 22 43 50 60 80
47 0 15 18 78 77 13 57 65 46 39 33 41 36 43 39 30 58 65 82 71 102 96
41 15 0 8 85 85 21 59 71 52 45 36 37 42 28 28 18 44 56 70 57 101 80
49 18 8 0 93 92 27 67 79 60 53 44 45 50 27 21 12 41 63 76 59 109 80
62 78 85 93 0 4 65 35 17 32 39 50 59 42 106 114 103 122 78 100 112 57 143
64 77 85 92 4 0 64 37 20 32 39 51 60 43 106 114 103 123 81 103 114 61 145
35 13 21 27 65 64 0 43 52 33 26 19 29 23 47 49 39 63 56 75 69 89 96
27 57 59 67 35 37 43 0 17 20 22 24 25 23 74 87 76 90 43 65 77 46 108
45 65 71 79 17 20 52 17 0 19 26 35 42 29 89 99 88 106 61 83 95 50 125
37 46 52 60 32 32 33 20 19 0 7 19 31 10 74 81 70 91 57 80 86 65 116
33 39 45 53 39 39 26 22 26 7 0 13 27 3 68 74 63 84 55 77 81 69 110
22 33 36 44 50 51 19 24 35 19 13 0 15 10 55 64 53 72 44 65 67 69 97
7 41 37 45 59 60 29 25 42 31 27 15 0 24 48 62 51 64 29 50 54 64 84
30 36 42 50 42 43 23 23 29 10 3 10 24 0 64 71 60 81 52 74 77 70 107
49 43 28 27 106 106 47 74 89 74 68 55 48 64 0 23 19 16 52 57 34 108 53
65 39 28 21 114 114 49 87 99 81 74 64 62 71 23 0 11 28 73 80 57 125 71
54 30 18 12 103 103 39 76 88 70 63 53 51 60 19 11 0 30 64 73 53 115 71
63 58 44 41 122 123 63 90 106 91 84 72 64 81 16 28 30 0 62 62 34 121 43
22 65 56 63 78 81 56 43 61 57 55 44 29 52 52 73 64 62 0 22 37 59 67
43 82 70 76 100 103 75 65 83 80 77 65 50 74 57 80 73 62 22 0 29 71 52
50 71 57 59 112 114 69 77 95 86 81 67 54 77 34 57 53 34 37 29 0 96 30
60 102 101 109 57 61 89 46 50 65 69 69 64 70 108 125 115 121 59 71 96 0 123
80 96 80 80 143 145 96 108 125 116 110 97 84 107 53 71 71 43 67 52 30 123 0
DAMAGES
0 0 0
0 0 0.0167
0 0.0167 0.0391
0.0167 0.0391 0.0616
0.0391 0.0616 0.0941
0.0616 0.0941 0.1267
DEMAND_SECTION
1 0
2 125
3 84
4 60
5 500
6 300
7 175
8 350
9 150
10 1100
11 4100
12 225
13 300
14 250
15 500
16 150
17 100
18 250
19 120
20 600
21 500
22 175
23 75
