TYPE GCVRP
DIMENSION 33
CAPACITY 8000
NUMBER_OF_VEHICLES 4
EDGE_WEIGHT_SECTION
0 79 63 57 67 66 67 67 15371 69 115 66 73 24964 84 27855 98 30744 90 91 105 36525 130 112 103 189 82 162 26859 79 74 93 80
79 0 51 10655 66 53 60 55 9069 54 53 51 68 45 46 43 72 51 52 9430 64 61 61 121 78 9069 9069 59 61 61 52 44 51
63 51 0 50 8927 43 47 3371 46 4260 50 45 704 51 63 85 21551 71 54 62 12261 59 11371 98 22797 64 63 15124 113 107 54 48 47
57 10655 50 0 53 55 53 55 9537 64 10655 59 67 55 63 98 105 15124 15963 80 77 73 74 88 90 71 17360 19595 20154 18198 60 63 81
67 66 8927 53 0 56 56 8927 57 84 58 58 9149 62 111 69 163 84 15816 71 18927 87 18483 95 99 76 19371 21149 21816 20927 69 13594 57
66 53 43 55 56 0 482 39 44 45 2260 41 2037 50 58 55 22389 61 52 52 10704 9149 10038 93 91 64 74 66 118 117 9594 51 44
67 60 47 53 56 482 0 38 40 43 1815 45 50 49 11598 58 80 70 56 57 57 56 57 21351 71 63 64 68 70 17081 9816 54 43
67 55 3371 55 8927 39 38 0 926 926 46 46 43 50 57 11598 78 70 54 54 10260 80 9594 21351 71 64 64 112 118 71 10038 54 43
15371 9069 46 9537 57 44 40 926 0 38 39 45 47 50 67 58 78 59 50 68 58 53 63 19907 69 104 100 66 70 70 10260 52 926
69 54 4260 64 84 45 43 926 38 0 39 43 44 52 11959 65 140 12682 50 6260 57 54 8927 73 70 64 13728 68 70 17360 59 7594 1149
115 53 50 10655 58 2260 1815 46 39 39 0 42 3816 52 57 64 78 58 52 5371 62 57 8038 18462 18101 72 60 65 16521 116 88 53 1149
66 51 45 59 58 41 45 46 45 43 42 0 41 45 53 55 20433 55 6260 69 9816 53 9149 89 70 62 61 64 107 64 8260 53 43
73 68 704 67 9149 2037 50 43 47 44 3816 41 0 50 82 83 136 69 7816 60 60 86 58 75 21714 15572 71 14845 68 15124 56 48 43
24964 45 51 55 62 50 49 50 50 52 52 45 50 0 4373 4373 21714 48 58 75 73 68 69 68 66 61 10514 13404 106 64 57 5456 47
84 46 63 63 111 58 11598 57 67 11959 57 53 82 4373 0 1482 115 45 9430 55 64 13043 12321 67 103 52 51 55 85 57 52 4734 83
27855 43 85 98 69 55 58 11598 58 65 64 55 83 4373 1482 0 68 43 57 53 13043 57 57 77 70 50 6179 55 57 57 10153 48 9792
98 72 21551 105 163 22389 80 78 78 140 78 20433 136 21714 115 68 0 15933 113 15963 69 17081 65 68 65 100 56 6464 50 55 15963 112 135
30744 51 71 15124 84 61 70 70 59 12682 58 55 69 48 45 43 15933 0 6540 49 55 52 75 58 10153 2928 49 50 62 59 61 60 58
90 52 54 15963 15816 52 56 54 50 50 52 6260 7816 58 9430 57 113 6540 0 39 4788 46 48 10514 82 52 56 58 95 104 13728 10095 52
91 9430 62 80 71 52 57 54 68 6260 5371 69 60 75 55 53 15963 49 39 0 47 51 44 57 9430 55 60 9816 59 75 62 58 50
105 64 12261 77 18927 10704 57 10260 58 57 62 9816 60 73 64 13043 69 55 4788 47 0 47 41 5456 50 10153 11213 11772 103 83 69 77 9371
36525 61 59 73 87 9149 56 80 53 54 57 53 86 68 13043 57 17081 52 46 51 47 0 42 51 51 61 87 92 65 68 68 61 56
130 61 11371 74 18483 10038 57 9594 63 8927 8038 9149 58 69 12321 57 65 75 48 44 41 42 0 5818 46 52 57 9816 59 77 16242 72 80
112 121 98 88 95 93 21351 21351 19907 73 18462 89 75 68 67 77 68 58 10514 57 5456 51 5818 0 46 65 61 14127 67 21714 25325 21714 88
103 78 22797 90 99 91 71 71 69 70 18101 70 21714 66 103 70 65 10153 82 9430 50 51 46 46 0 50 65 10875 13766 70 76 71 71
189 9069 64 71 76 64 63 64 104 64 72 62 15572 61 52 50 100 2928 52 55 10153 61 52 65 50 0 48 47 52 11959 64 67 63
82 9069 63 17360 19371 74 64 64 100 13728 60 61 71 10514 51 6179 56 49 56 60 11213 87 57 61 65 48 0 42 3670 63 9258 53 60
162 59 15124 19595 21149 66 68 112 66 68 65 64 14845 13404 55 55 6464 50 58 9816 11772 92 9816 14127 10875 47 42 0 2273 5905 59 10095 65
26859 61 113 20154 21816 118 70 118 70 70 16521 107 68 106 85 57 50 62 95 59 103 65 59 67 13766 52 3670 2273 0 56 66 10655 66
79 61 107 18198 20927 117 17081 71 70 17360 116 64 15124 64 57 57 55 59 104 75 83 68 77 21714 70 11959 63 5905 56 0 74 56 80
74 52 54 60 69 9594 9816 10038 10260 59 88 8260 56 57 52 10153 15963 61 13728 62 69 68 16242 25325 76 64 9258 59 66 74 0 47 82
93 44 48 63 13594 51 54 54 52 7594 53 53 48 5456 4734 48 112 60 10095 58 77 61 72 21714 71 67 53 10095 10655 56 47 0 56
80 51 47 81 57 44 43 43 926 1149 1149 43 43 47 83 9792 135 58 52 50 9371 56 80 88 71 63 60 65 66 80 82 56 0
TYPE_OF_ARC
-1 2 0 1 0 0 0 0 0 0 0 0 0 2 2 2 1 2 2 2 2 2 2 2 2 2 1 1 1 1 2 2 0
2 -1 2 1 0 2 2 2 2 2 2 2 2 2 2 2 2 2 2 2 2 2 2 2 2 2 2 2 2 2 2 2 2
0 2 -1 1 0 0 0 0 0 0 0 0 0 2 2 2 1 2 0 0 0 0 0 2 2 2 1 1 1 1 0 0 0
1 1 1 -1 1 1 1 1 1 1 1 1 1 1 1 1 1 1 1 1 1 1 1 2 2 1 1 1 1 1 1 1 1
0 0 0 1 -1 0 0 0 0 0 0 0 0 0 0 0 0 0 0 0 0 0 0 2 2 0 0 0 0 0 0 0 0
0 2 0 1 0 -1 0 0 0 0 0 0 0 2 2 2 1 2 0 0 0 0 0 2 2 2 1 1 1 1 0 0 0
0 2 0 1 0 0 -1 0 0 0 0 0 0 2 2 2 1 2 0 0 0 0 0 2 2 2 1 1 1 1 0 0 0
0 2 0 1 0 0 0 -1 0 0 0 0 0 2 2 2 1 2 0 0 0 0 0 2 2 2 1 1 1 1 0 0 0
0 2 0 1 0 0 0 0 -1 0 0 0 0 2 2 2 1 2 0 0 0 0 0 2 2 2 1 1 1 1 0 0 0
0 2 0 1 0 0 0 0 0 -1 0 0 0 2 2 2 1 2 0 0 0 0 0 2 2 2 1 1 1 1 0 0 0
0 2 0 1 0 0 0 0 0 0 -1 0 0 2 2 2 1 2 0 0 0 0 0 2 2 2 1 1 1 1 0 0 0
0 2 0 1 0 0 0 0 0 0 0 -1 0 2 2 2 1 2 0 0 0 0 0 2 2 2 1 1 1 1 0 0 0
0 2 0 1 0 0 0 0 0 0 0 0 -1 2 2 2 1 2 0 0 0 0 0 2 2 2 1 1 1 1 0 0 0
2 2 2 1 0 2 2 2 2 2 2 2 2 -1 2 2 2 2 2 2 2 2 2 2 2 2 2 2 2 2 2 2 2
2 2 2 1 0 2 2 2 2 2 2 2 2 2 -1 2 2 2 2 2 2 2 2 2 2 2 2 2 2 2 2 2 2
2 2 2 1 0 2 2 2 2 2 2 2 2 2 2 -1 2 2 2 2 2 2 2 2 2 2 2 2 2 2 2 2 2
1 2 1 1 0 1 1 1 1 1 1 1 1 2 2 2 -1 2 1 1 1 1 1 2 2 2 1 1 1 1 1 1 1
2 2 2 1 0 2 2 2 2 2 2 2 2 2 2 2 2 -1 2 2 2 2 2 2 2 2 2 2 2 2 2 2 2
2 2 0 1 0 0 0 0 0 0 0 0 0 2 2 2 1 2 -1 1 1 1 1 2 2 2 1 1 1 1 1 1 0
2 2 0 1 0 0 0 0 0 0 0 0 0 2 2 2 1 2 1 -1 1 1 1 2 2 2 1 1 1 1 1 1 0
2 2 0 1 0 0 0 0 0 0 0 0 0 2 2 2 1 2 1 1 -1 1 1 2 2 2 1 1 1 1 1 1 0
2 2 0 1 0 0 0 0 0 0 0 0 0 2 2 2 1 2 1 1 1 -1 1 2 2 2 1 1 1 1 1 1 0
2 2 0 1 0 0 0 0 0 0 0 0 0 2 2 2 1 2 1 1 1 1 -1 2 2 2 1 1 1 1 1 1 0
2 2 2 2 2 2 2 2 2 2 2 2 2 2 2 2 2 2 2 2 2 2 2 -1 2 2 2 2 2 2 2 2 2
2 2 2 2 2 2 2 2 2 2 2 2 2 2 2 2 2 2 2 2 2 2 2 2 -1 2 2 2 2 2 2 2 2
2 2 2 1 0 2 2 2 2 2 2 2 2 2 2 2 2 2 2 2 2 2 2 2 2 -1 2 2 2 2 2 2 2
1 2 1 1 0 1 1 1 1 1 1 1 1 2 2 2 1 2 1 1 1 1 1 2 2 2 -1 1 1 1 1 1 1
1 2 1 1 0 1 1 1 1 1 1 1 1 2 2 2 1 2 1 1 1 1 1 2 2 2 1 -1 1 1 1 1 1
1 2 1 1 0 1 1 1 1 1 1 1 1 2 2 2 1 2 1 1 1 1 1 2 2 2 1 1 -1 1 1 1 1
1 2 1 1 0 1 1 1 1 1 1 1 1 2 2 2 1 2 1 1 1 1 1 2 2 2 1 1 1 -1 1 1 1
2 2 0 1 0 0 0 0 0 0 0 0 0 2 2 2 1 2 1 1 1 1 1 2 2 2 1 1 1 1 -1 0 0
2 2 0 1 0 0 0 0 0 0 0 0 0 2 2 2 1 2 1 1 1 1 1 2 2 2 1 1 1 1 0 -1 0
0 2 0 1 0 0 0 0 0 0 0 0 0 2 2 2 1 2 0 0 0 0 0 2 2 2 1 1 1 1 0 0 -1
CONDITION_OF_ARC
-1 0 0 0 3 2 0 0 5 2 4 2 3 5 2 5 2 5 0 1 2 5 3 2 0 4 1 4 5 1 2 3 3
0 -1 2 5 2 2 3 0 5 2 2 0 4 0 0 2 0 0 1 5 2 0 0 4 3 5 5 2 2 0 1 1 2
0 2 -1 0 5 1 0 5 2 5 0 3 5 0 3 4 5 3 1 3 5 2 5 3 5 1 0 5 4 4 0 2 0
0 5 0 -1 1 0 2 0 5 3 5 3 4 1 0 4 3 5 5 3 2 0 0 1 2 0 5 5 5 5 0 3 4
3 2 5 1 -1 2 2 5 1 4 1 2 5 1 4 2 4 3 5 2 5 3 5 0 2 2 5 5 5 5 0 5 1
2 2 1 0 2 -1 5 3 4 4 5 1 5 2 2 1 5 0 1 1 5 5 5 3 3 1 3 1 4 4 5 2 4
0 3 0 2 2 5 -1 1 3 4 5 0 4 1 5 0 2 3 3 3 1 2 1 5 1 1 2 2 2 5 5 0 0
0 0 5 0 5 3 1 -1 5 5 4 4 1 2 1 5 0 3 0 0 5 4 5 5 1 1 0 4 4 2 5 0 4
5 5 2 5 1 4 3 5 -1 3 1 0 3 2 3 0 0 2 2 4 0 1 3 5 1 4 4 0 0 0 5 1 5
2 2 5 3 4 4 4 5 3 -1 2 2 1 0 5 3 4 5 2 5 2 2 5 2 0 2 5 0 2 5 2 5 5
4 2 0 5 1 5 5 4 1 2 -1 1 5 0 2 3 2 2 3 5 3 3 5 5 5 3 1 2 5 4 4 2 5
2 0 3 3 2 1 0 4 0 2 1 -1 2 2 2 0 5 1 5 4 5 1 5 3 0 2 0 2 4 1 5 3 4
3 4 5 4 5 5 4 1 3 1 5 2 -1 0 4 4 4 3 5 3 1 4 1 1 5 5 3 5 0 5 0 2 2
5 0 0 1 1 2 1 2 2 0 0 2 0 -1 5 5 5 1 3 4 3 3 3 0 0 3 5 5 4 0 0 5 1
2 0 3 0 4 2 5 1 3 5 2 2 4 5 -1 5 4 2 5 0 2 5 5 2 4 0 0 0 4 0 1 5 4
5 2 4 4 2 1 0 5 0 3 3 0 4 5 5 -1 2 2 3 0 5 1 2 3 3 0 5 0 2 1 5 1 5
2 0 5 3 4 5 2 0 0 4 2 5 4 5 4 2 -1 5 4 5 0 5 2 1 0 4 0 5 0 0 5 4 4
5 0 3 5 3 0 3 3 2 5 2 1 3 1 2 2 5 -1 5 2 1 1 4 1 5 5 0 1 3 2 0 3 0
0 1 1 5 5 1 3 0 2 2 3 5 5 3 5 3 4 5 -1 4 5 0 0 5 4 0 0 0 4 4 5 5 0
1 5 3 3 2 1 3 0 4 5 5 4 3 4 0 0 5 2 4 -1 2 4 1 0 5 3 3 5 1 3 1 0 1
2 2 5 2 5 5 1 5 0 2 3 5 1 3 2 5 0 1 5 2 -1 4 1 5 2 5 5 5 4 3 1 3 5
5 0 2 0 3 5 2 4 1 2 3 1 4 3 5 1 5 1 0 4 4 -1 2 2 1 3 4 4 0 0 1 1 0
3 0 5 0 5 5 1 5 3 5 5 5 1 3 5 2 2 4 0 1 1 2 -1 5 1 0 0 5 1 3 5 3 4
2 4 3 1 0 3 5 5 5 2 5 3 1 0 2 3 1 1 5 0 5 2 5 -1 0 3 1 5 2 5 5 5 3
0 3 5 2 2 3 1 1 1 0 5 0 5 0 4 3 0 5 4 5 2 1 1 0 -1 1 3 5 5 2 0 2 2
4 5 1 0 2 1 1 1 4 2 3 2 5 3 0 0 4 5 0 3 5 3 0 3 1 -1 0 1 1 5 0 3 2
1 5 0 5 5 3 2 0 4 5 1 0 3 5 0 5 0 0 0 3 5 4 0 1 3 0 -1 2 5 4 5 2 1
4 2 5 5 5 1 2 4 0 0 2 2 5 5 0 0 5 1 0 5 5 4 5 5 5 1 2 -1 5 5 2 5 2
5 2 4 5 5 4 2 4 0 2 5 4 0 4 4 2 0 3 4 1 4 0 1 2 5 1 5 5 -1 4 3 5 1
1 0 4 5 5 4 5 2 0 5 4 1 5 0 0 1 0 2 4 3 3 0 3 5 2 5 4 5 4 -1 4 0 3
2 1 0 0 0 5 5 5 5 2 4 5 0 0 1 5 5 0 5 1 1 1 5 5 0 0 5 2 3 4 -1 0 4
3 1 2 3 5 2 0 0 1 5 2 3 2 5 5 1 4 3 5 0 3 1 3 5 2 3 2 5 5 0 0 -1 3
3 2 0 4 1 4 0 4 5 5 5 4 2 1 4 5 4 0 0 1 5 0 4 3 2 2 1 2 1 3 4 3 -1
DISTANCE
0 68 52 34 48 62 64 65 69 69 72 63 56 69 74 77 115 85 90 91 107 101 103 118 113 93 89 96 96 85 57 61 67
68 0 21 38 61 25 25 26 25 26 25 17 19 6 7 9 56 17 26 26 42 37 36 51 45 25 25 33 37 36 24 10 21
52 21 0 19 40 12 14 15 18 19 21 11 3 18 28 29 77 37 38 39 55 48 51 67 63 45 46 54 58 54 32 21 15
34 38 19 0 31 28 30 30 34 35 38 29 22 37 45 47 92 54 57 58 74 67 70 86 82 63 62 70 72 65 39 34 33
48 61 40 31 0 39 40 40 43 43 47 45 41 57 69 69 117 75 71 72 85 78 83 99 98 83 87 95 98 94 69 61 45
62 25 12 28 39 0 2 2 6 7 10 7 9 20 32 31 80 37 32 33 48 41 45 61 59 44 49 57 62 61 43 30 6
64 25 14 30 40 2 0 1 4 5 8 7 11 19 32 31 80 36 30 31 46 39 43 59 57 43 49 56 61 61 44 31 4
65 26 15 30 40 2 1 0 4 4 8 8 12 20 33 32 80 36 30 32 46 39 43 59 57 44 49 57 62 62 45 32 5
69 25 18 34 43 6 4 4 0 1 4 9 15 19 32 30 79 34 27 28 42 35 40 55 54 41 48 55 61 61 46 33 4
69 26 19 35 43 7 5 4 1 0 4 10 15 20 33 31 79 35 27 28 42 35 40 56 54 42 49 56 61 62 47 34 5
72 25 21 38 47 10 8 8 4 4 0 10 17 19 31 29 76 32 23 24 38 31 36 51 50 38 46 53 59 60 47 33 5
63 17 11 29 45 7 7 8 9 10 10 0 7 12 25 24 73 30 28 29 44 37 41 57 53 38 42 50 54 54 37 24 5
56 19 3 22 41 9 11 12 15 15 17 7 0 16 27 28 76 34 35 36 51 45 48 64 60 43 45 53 57 54 34 22 12
69 6 18 37 57 20 19 20 19 20 19 12 16 0 12 12 60 18 22 23 39 33 34 49 45 26 29 37 42 42 29 15 16
74 7 28 45 69 32 32 33 32 33 31 25 27 12 0 4 48 11 26 25 41 36 34 47 40 19 18 26 29 29 24 13 28
77 9 29 47 69 31 31 32 30 31 29 24 28 12 4 0 48 8 21 21 36 32 30 43 36 16 17 25 30 32 28 17 27
115 56 77 92 117 80 80 80 79 79 76 73 76 60 48 48 0 44 58 57 60 61 53 52 43 38 31 23 19 30 57 57 75
85 17 37 54 75 37 36 36 34 35 32 30 34 18 11 8 44 0 18 17 30 26 23 35 28 8 14 21 27 33 35 25 31
90 26 38 57 71 32 30 30 27 27 23 28 35 22 26 21 58 18 0 1 17 10 13 29 27 20 32 36 44 51 49 36 26
91 26 39 58 72 33 31 32 28 28 24 29 36 23 25 21 57 17 1 0 16 10 12 28 26 19 31 35 43 50 49 36 27
107 42 55 74 85 48 46 46 42 42 38 44 51 39 41 36 60 30 17 16 0 7 7 15 19 28 40 42 50 61 65 53 42
101 37 48 67 78 41 39 39 35 35 31 37 45 33 36 32 61 26 10 10 7 0 8 21 23 26 38 42 50 59 60 47 35
103 36 51 70 83 45 43 43 40 40 36 41 48 34 34 30 53 23 13 12 7 8 0 16 15 20 33 35 43 53 58 46 39
118 51 67 86 99 61 59 59 55 56 51 57 64 49 47 43 52 35 29 28 15 21 16 0 9 30 41 39 47 60 70 60 55
113 45 63 82 98 59 57 57 54 54 50 53 60 45 40 36 43 28 27 26 19 23 15 9 0 21 31 30 38 51 63 53 53
93 25 45 63 83 44 43 44 41 42 38 38 43 26 19 16 38 8 20 19 28 26 20 30 21 0 12 16 24 33 41 32 39
89 25 46 62 87 49 49 49 48 49 46 42 45 29 18 17 31 14 32 31 40 38 33 41 31 12 0 8 13 20 33 28 45
96 33 54 70 95 57 56 57 55 56 53 50 53 37 26 25 23 21 36 35 42 42 35 39 30 16 8 0 8 21 40 36 52
96 37 58 72 98 62 61 62 61 61 59 54 57 42 29 30 19 27 44 43 50 50 43 47 38 24 13 8 0 14 38 38 57
85 36 54 65 94 61 61 62 61 62 60 54 54 42 29 32 30 33 51 50 61 59 53 60 51 33 20 21 14 0 28 32 58
57 24 32 39 69 43 44 45 46 47 47 37 34 29 24 28 57 35 49 49 65 60 58 70 63 41 33 40 38 28 0 13 42
61 10 21 34 61 30 31 32 33 34 33 24 22 15 13 17 57 25 36 36 53 47 46 60 53 32 28 36 38 32 13 0 29
67 21 15 33 45 6 4 5 4 5 5 5 12 16 28 27 75 31 26 27 42 35 39 55 53 39 45 52 57 58 42 29 0
DAMAGES
0 0 0
0 0 0.0167
0 0.0167 0.0391
0.0167 0.0391 0.0616
0.0391 0.0616 0.0941
0.0616 0.0941 0.1267
DEMAND_SECTION
1 0
2 700
3 400
4 400
5 1200
6 40
7 80
8 2000
9 900
10 600
11 750
12 1500
13 150
14 250
15 1600
16 450
17 700
18 550
19 650
20 200
21 400
22 300
23 1300
24 700
25 750
26 1400
27 4000
28 600
29 1000
30 500
31 2500
32 1700
33 1100
