TYPE GCVRP
DIMENSION 33
CAPACITY 8000
NUMBER_OF_VEHICLES 4
EDGE_WEIGHT_SECTION
0 79 63 56 73 66 67 67 15371 69 115 66 73 24964 84 27855 90 30744 78 76 87 22483 102 92 87 189 76 140 21372 74 64 76 80
79 0 51 13766 77 53 60 55 9069 54 53 51 68 45 46 43 72 51 52 9430 64 61 61 121 78 9069 9069 59 61 61 52 44 51
63 51 0 49 11213 44 48 4228 47 5346 51 46 876 51 63 85 27855 71 57 67 19907 63 18462 98 22797 64 67 19545 132 125 56 49 48
56 13766 49 0 53 53 51 54 7594 60 8483 56 62 59 66 114 95 19545 12705 74 84 69 79 88 90 76 13816 15593 16038 14482 60 63 73
73 77 11213 53 0 59 59 11213 59 94 61 62 11493 71 150 81 190 105 19875 76 23786 96 23227 87 89 90 24344 26580 27417 26301 73 17081 60
66 53 44 53 59 0 596 39 46 47 2832 41 2552 50 58 55 28938 61 54 54 17378 11493 16294 93 91 64 82 71 139 137 12052 53 46
67 60 48 51 59 596 0 38 40 45 2273 45 52 49 11598 58 88 70 60 60 64 59 63 21351 71 63 69 73 77 22075 12331 56 43
67 55 4228 54 11213 39 38 0 1155 1155 48 48 44 50 57 11598 85 70 55 56 16655 89 15572 21351 71 64 68 130 139 77 12610 56 45
15371 9069 47 7594 59 46 40 1155 0 39 39 46 48 50 67 58 85 59 52 74 64 55 74 19907 69 104 115 71 75 75 12890 54 1155
69 54 5346 60 94 47 45 1155 39 0 39 43 45 52 11959 65 166 12682 52 7861 64 56 14488 73 70 64 17740 72 77 22436 62 9537 1435
115 53 51 8483 61 2832 2273 48 39 39 0 43 4788 52 57 64 85 58 55 6743 72 60 13043 18462 18101 72 64 71 21351 136 98 56 1435
66 51 46 56 62 41 45 48 46 43 43 0 41 45 53 55 26410 55 7861 75 15933 55 14849 89 70 62 64 70 125 69 10375 55 45
73 68 876 62 11493 2552 52 44 48 45 4788 41 0 50 82 83 161 69 9816 64 67 96 65 75 21714 15572 78 19184 73 19545 57 50 44
24964 45 51 59 71 50 49 50 50 52 52 45 50 0 4373 4373 21714 48 58 75 73 68 69 68 66 61 10514 13404 106 64 57 5456 47
84 46 63 66 150 58 11598 57 67 11959 57 53 82 4373 0 1482 115 45 9430 55 64 13043 12321 67 103 52 51 55 85 57 52 4734 83
27855 43 85 114 81 55 58 11598 58 65 64 55 83 4373 1482 0 68 43 57 53 13043 57 57 77 70 50 6179 55 57 57 10153 48 9792
90 72 27855 95 190 28938 88 85 85 166 85 26410 161 21714 115 68 0 15933 132 20629 74 22075 71 68 65 100 58 8347 52 58 15963 112 159
30744 51 71 19545 105 61 70 70 59 12682 58 55 69 48 45 43 15933 0 6540 49 55 52 75 58 10153 2928 49 50 62 59 61 60 58
78 52 57 12705 19875 54 60 55 52 52 55 7861 9816 58 9430 57 132 6540 0 39 6179 45 49 10514 82 52 59 61 110 121 13728 10095 53
76 9430 67 74 76 54 60 56 74 7861 6743 75 64 75 55 53 20629 49 39 0 48 49 45 57 9430 55 65 12682 63 83 62 58 51
87 64 19907 84 23786 17378 64 16655 64 64 72 15933 67 73 64 13043 74 55 6179 48 0 49 42 5456 50 10153 14488 15210 119 93 75 85 15210
22483 61 63 69 96 11493 59 89 55 56 60 55 96 68 13043 57 22075 52 45 49 49 0 43 51 51 61 100 106 69 73 68 61 58
102 61 18462 79 23227 16294 63 15572 74 14488 13043 14849 65 69 12321 57 71 75 49 45 42 43 0 5818 46 52 60 12682 63 85 20990 79 101
92 121 98 88 87 93 21351 21351 19907 73 18462 89 75 68 67 77 68 58 10514 57 5456 51 5818 0 46 65 61 14127 67 21714 25325 21714 88
87 78 22797 90 89 91 71 71 69 70 18101 70 21714 66 103 70 65 10153 82 9430 50 51 46 46 0 50 65 10875 13766 70 76 71 71
189 9069 64 76 90 64 63 64 104 64 72 62 15572 61 52 50 100 2928 52 55 10153 61 52 65 50 0 48 47 52 11959 64 67 63
76 9069 67 13816 24344 82 69 68 115 17740 64 64 78 10514 51 6179 58 49 59 65 14488 100 60 61 65 48 0 43 4734 70 9258 53 64
140 59 19545 15593 26580 71 73 130 71 72 71 70 19184 13404 55 55 8347 50 61 12682 15210 106 12682 14127 10875 47 43 0 2928 7625 59 10095 70
21372 61 132 16038 27417 139 77 139 75 77 21351 125 73 106 85 57 52 62 110 63 119 69 63 67 13766 52 4734 2928 0 60 66 10655 71
74 61 125 14482 26301 137 22075 77 75 22436 136 69 19545 64 57 57 58 59 121 83 93 73 85 21714 70 11959 70 7625 60 0 74 56 90
64 52 56 60 73 12052 12331 12610 12890 62 98 10375 57 57 52 10153 15963 61 13728 62 75 68 20990 25325 76 64 9258 59 66 74 0 48 92
76 44 49 63 17081 53 56 56 54 9537 56 55 50 5456 4734 48 112 60 10095 58 85 61 79 21714 71 67 53 10095 10655 56 48 0 59
80 51 48 73 60 46 43 45 1155 1435 1435 45 44 47 83 9792 159 58 53 51 15210 58 101 88 71 63 64 70 71 90 92 59 0
TYPE_OF_ARC
-1 2 0 0 1 0 0 0 0 0 0 0 0 2 2 2 0 2 0 0 0 0 0 0 0 2 0 0 0 0 0 0 0
2 -1 2 2 2 2 2 2 2 2 2 2 2 2 2 2 2 2 2 2 2 2 2 2 2 2 2 2 2 2 2 2 2
0 2 -1 0 1 1 1 1 1 1 1 1 1 2 2 2 2 2 1 1 2 1 2 2 2 2 2 2 2 2 1 1 1
0 2 0 -1 1 0 0 0 0 0 0 0 0 2 2 2 0 2 0 0 2 0 2 2 2 2 0 0 0 0 1 1 0
1 2 1 1 -1 1 1 1 1 1 1 1 1 2 2 2 1 2 1 1 1 1 1 1 1 2 1 1 1 1 1 1 1
0 2 1 0 1 -1 1 1 1 1 1 1 1 2 2 2 2 2 1 1 2 1 2 2 2 2 2 2 2 2 1 1 1
0 2 1 0 1 1 -1 1 1 1 1 1 1 2 2 2 2 2 1 1 2 1 2 2 2 2 2 2 2 2 1 1 1
0 2 1 0 1 1 1 -1 1 1 1 1 1 2 2 2 2 2 1 1 2 1 2 2 2 2 2 2 2 2 1 1 1
0 2 1 0 1 1 1 1 -1 1 1 1 1 2 2 2 2 2 1 1 2 1 2 2 2 2 2 2 2 2 1 1 1
0 2 1 0 1 1 1 1 1 -1 1 1 1 2 2 2 2 2 1 1 2 1 2 2 2 2 2 2 2 2 1 1 1
0 2 1 0 1 1 1 1 1 1 -1 1 1 2 2 2 2 2 1 1 2 1 2 2 2 2 2 2 2 2 1 1 1
0 2 1 0 1 1 1 1 1 1 1 -1 1 2 2 2 2 2 1 1 2 1 2 2 2 2 2 2 2 2 1 1 1
0 2 1 0 1 1 1 1 1 1 1 1 -1 2 2 2 2 2 1 1 2 1 2 2 2 2 2 2 2 2 1 1 1
2 2 2 2 2 2 2 2 2 2 2 2 2 -1 2 2 2 2 2 2 2 2 2 2 2 2 2 2 2 2 2 2 2
2 2 2 2 2 2 2 2 2 2 2 2 2 2 -1 2 2 2 2 2 2 2 2 2 2 2 2 2 2 2 2 2 2
2 2 2 2 2 2 2 2 2 2 2 2 2 2 2 -1 2 2 2 2 2 2 2 2 2 2 2 2 2 2 2 2 2
0 2 2 0 1 2 2 2 2 2 2 2 2 2 2 2 -1 2 2 2 2 2 2 2 2 2 2 2 2 2 1 1 2
2 2 2 2 2 2 2 2 2 2 2 2 2 2 2 2 2 -1 2 2 2 2 2 2 2 2 2 2 2 2 2 2 2
0 2 1 0 1 1 1 1 1 1 1 1 1 2 2 2 2 2 -1 0 2 0 2 2 2 2 2 2 2 2 1 1 1
0 2 1 0 1 1 1 1 1 1 1 1 1 2 2 2 2 2 0 -1 2 0 2 2 2 2 2 2 2 2 1 1 1
0 2 2 2 1 2 2 2 2 2 2 2 2 2 2 2 2 2 2 2 -1 2 2 2 2 2 2 2 2 2 2 2 2
0 2 1 0 1 1 1 1 1 1 1 1 1 2 2 2 2 2 0 0 2 -1 2 2 2 2 2 2 2 2 1 1 1
0 2 2 2 1 2 2 2 2 2 2 2 2 2 2 2 2 2 2 2 2 2 -1 2 2 2 2 2 2 2 2 2 2
0 2 2 2 1 2 2 2 2 2 2 2 2 2 2 2 2 2 2 2 2 2 2 -1 2 2 2 2 2 2 2 2 2
0 2 2 2 1 2 2 2 2 2 2 2 2 2 2 2 2 2 2 2 2 2 2 2 -1 2 2 2 2 2 2 2 2
2 2 2 2 2 2 2 2 2 2 2 2 2 2 2 2 2 2 2 2 2 2 2 2 2 -1 2 2 2 2 2 2 2
0 2 2 0 1 2 2 2 2 2 2 2 2 2 2 2 2 2 2 2 2 2 2 2 2 2 -1 2 2 2 1 1 2
0 2 2 0 1 2 2 2 2 2 2 2 2 2 2 2 2 2 2 2 2 2 2 2 2 2 2 -1 2 2 1 1 2
0 2 2 0 1 2 2 2 2 2 2 2 2 2 2 2 2 2 2 2 2 2 2 2 2 2 2 2 -1 2 1 1 2
0 2 2 0 1 2 2 2 2 2 2 2 2 2 2 2 2 2 2 2 2 2 2 2 2 2 2 2 2 -1 1 1 2
0 2 1 1 1 1 1 1 1 1 1 1 1 2 2 2 1 2 1 1 2 1 2 2 2 2 1 1 1 1 -1 1 1
0 2 1 1 1 1 1 1 1 1 1 1 1 2 2 2 1 2 1 1 2 1 2 2 2 2 1 1 1 1 1 -1 1
0 2 1 0 1 1 1 1 1 1 1 1 1 2 2 2 2 2 1 1 2 1 2 2 2 2 2 2 2 2 1 1 -1
CONDITION_OF_ARC
-1 0 0 0 3 2 0 0 5 2 4 2 3 5 2 5 2 5 0 1 2 5 3 2 0 4 1 4 5 1 2 3 3
0 -1 2 5 2 2 3 0 5 2 2 0 4 0 0 2 0 0 1 5 2 0 0 4 3 5 5 2 2 0 1 1 2
0 2 -1 0 5 1 0 5 2 5 0 3 5 0 3 4 5 3 1 3 5 2 5 3 5 1 0 5 4 4 0 2 0
0 5 0 -1 1 0 2 0 5 3 5 3 4 1 0 4 3 5 5 3 2 0 0 1 2 0 5 5 5 5 0 3 4
3 2 5 1 -1 2 2 5 1 4 1 2 5 1 4 2 4 3 5 2 5 3 5 0 2 2 5 5 5 5 0 5 1
2 2 1 0 2 -1 5 3 4 4 5 1 5 2 2 1 5 0 1 1 5 5 5 3 3 1 3 1 4 4 5 2 4
0 3 0 2 2 5 -1 1 3 4 5 0 4 1 5 0 2 3 3 3 1 2 1 5 1 1 2 2 2 5 5 0 0
0 0 5 0 5 3 1 -1 5 5 4 4 1 2 1 5 0 3 0 0 5 4 5 5 1 1 0 4 4 2 5 0 4
5 5 2 5 1 4 3 5 -1 3 1 0 3 2 3 0 0 2 2 4 0 1 3 5 1 4 4 0 0 0 5 1 5
2 2 5 3 4 4 4 5 3 -1 2 2 1 0 5 3 4 5 2 5 2 2 5 2 0 2 5 0 2 5 2 5 5
4 2 0 5 1 5 5 4 1 2 -1 1 5 0 2 3 2 2 3 5 3 3 5 5 5 3 1 2 5 4 4 2 5
2 0 3 3 2 1 0 4 0 2 1 -1 2 2 2 0 5 1 5 4 5 1 5 3 0 2 0 2 4 1 5 3 4
3 4 5 4 5 5 4 1 3 1 5 2 -1 0 4 4 4 3 5 3 1 4 1 1 5 5 3 5 0 5 0 2 2
5 0 0 1 1 2 1 2 2 0 0 2 0 -1 5 5 5 1 3 4 3 3 3 0 0 3 5 5 4 0 0 5 1
2 0 3 0 4 2 5 1 3 5 2 2 4 5 -1 5 4 2 5 0 2 5 5 2 4 0 0 0 4 0 1 5 4
5 2 4 4 2 1 0 5 0 3 3 0 4 5 5 -1 2 2 3 0 5 1 2 3 3 0 5 0 2 1 5 1 5
2 0 5 3 4 5 2 0 0 4 2 5 4 5 4 2 -1 5 4 5 0 5 2 1 0 4 0 5 0 0 5 4 4
5 0 3 5 3 0 3 3 2 5 2 1 3 1 2 2 5 -1 5 2 1 1 4 1 5 5 0 1 3 2 0 3 0
0 1 1 5 5 1 3 0 2 2 3 5 5 3 5 3 4 5 -1 4 5 0 0 5 4 0 0 0 4 4 5 5 0
1 5 3 3 2 1 3 0 4 5 5 4 3 4 0 0 5 2 4 -1 2 4 1 0 5 3 3 5 1 3 1 0 1
2 2 5 2 5 5 1 5 0 2 3 5 1 3 2 5 0 1 5 2 -1 4 1 5 2 5 5 5 4 3 1 3 5
5 0 2 0 3 5 2 4 1 2 3 1 4 3 5 1 5 1 0 4 4 -1 2 2 1 3 4 4 0 0 1 1 0
3 0 5 0 5 5 1 5 3 5 5 5 1 3 5 2 2 4 0 1 1 2 -1 5 1 0 0 5 1 3 5 3 4
2 4 3 1 0 3 5 5 5 2 5 3 1 0 2 3 1 1 5 0 5 2 5 -1 0 3 1 5 2 5 5 5 3
0 3 5 2 2 3 1 1 1 0 5 0 5 0 4 3 0 5 4 5 2 1 1 0 -1 1 3 5 5 2 0 2 2
4 5 1 0 2 1 1 1 4 2 3 2 5 3 0 0 4 5 0 3 5 3 0 3 1 -1 0 1 1 5 0 3 2
1 5 0 5 5 3 2 0 4 5 1 0 3 5 0 5 0 0 0 3 5 4 0 1 3 0 -1 2 5 4 5 2 1
4 2 5 5 5 1 2 4 0 0 2 2 5 5 0 0 5 1 0 5 5 4 5 5 5 1 2 -1 5 5 2 5 2
5 2 4 5 5 4 2 4 0 2 5 4 0 4 4 2 0 3 4 1 4 0 1 2 5 1 5 5 -1 4 3 5 1
1 0 4 5 5 4 5 2 0 5 4 1 5 0 0 1 0 2 4 3 3 0 3 5 2 5 4 5 4 -1 4 0 3
2 1 0 0 0 5 5 5 5 2 4 5 0 0 1 5 5 0 5 1 1 1 5 5 0 0 5 2 3 4 -1 0 4
3 1 2 3 5 2 0 0 1 5 2 3 2 5 5 1 4 3 5 0 3 1 3 5 2 3 2 5 5 0 0 -1 3
3 2 0 4 1 4 0 4 5 5 5 4 2 1 4 5 4 0 0 1 5 0 4 3 2 2 1 2 1 3 4 3 -1
DISTANCE
0 68 52 34 48 62 64 65 69 69 72 63 56 69 74 77 115 85 90 91 107 101 103 118 113 93 89 96 96 85 57 61 67
68 0 21 38 61 25 25 26 25 26 25 17 19 6 7 9 56 17 26 26 42 37 36 51 45 25 25 33 37 36 24 10 21
52 21 0 19 40 12 14 15 18 19 21 11 3 18 28 29 77 37 38 39 55 48 51 67 63 45 46 54 58 54 32 21 15
34 38 19 0 31 28 30 30 34 35 38 29 22 37 45 47 92 54 57 58 74 67 70 86 82 63 62 70 72 65 39 34 33
48 61 40 31 0 39 40 40 43 43 47 45 41 57 69 69 117 75 71 72 85 78 83 99 98 83 87 95 98 94 69 61 45
62 25 12 28 39 0 2 2 6 7 10 7 9 20 32 31 80 37 32 33 48 41 45 61 59 44 49 57 62 61 43 30 6
64 25 14 30 40 2 0 1 4 5 8 7 11 19 32 31 80 36 30 31 46 39 43 59 57 43 49 56 61 61 44 31 4
65 26 15 30 40 2 1 0 4 4 8 8 12 20 33 32 80 36 30 32 46 39 43 59 57 44 49 57 62 62 45 32 5
69 25 18 34 43 6 4 4 0 1 4 9 15 19 32 30 79 34 27 28 42 35 40 55 54 41 48 55 61 61 46 33 4
69 26 19 35 43 7 5 4 1 0 4 10 15 20 33 31 79 35 27 28 42 35 40 56 54 42 49 56 61 62 47 34 5
72 25 21 38 47 10 8 8 4 4 0 10 17 19 31 29 76 32 23 24 38 31 36 51 50 38 46 53 59 60 47 33 5
63 17 11 29 45 7 7 8 9 10 10 0 7 12 25 24 73 30 28 29 44 37 41 57 53 38 42 50 54 54 37 24 5
56 19 3 22 41 9 11 12 15 15 17 7 0 16 27 28 76 34 35 36 51 45 48 64 60 43 45 53 57 54 34 22 12
69 6 18 37 57 20 19 20 19 20 19 12 16 0 12 12 60 18 22 23 39 33 34 49 45 26 29 37 42 42 29 15 16
74 7 28 45 69 32 32 33 32 33 31 25 27 12 0 4 48 11 26 25 41 36 34 47 40 19 18 26 29 29 24 13 28
77 9 29 47 69 31 31 32 30 31 29 24 28 12 4 0 48 8 21 21 36 32 30 43 36 16 17 25 30 32 28 17 27
115 56 77 92 117 80 80 80 79 79 76 73 76 60 48 48 0 44 58 57 60 61 53 52 43 38 31 23 19 30 57 57 75
85 17 37 54 75 37 36 36 34 35 32 30 34 18 11 8 44 0 18 17 30 26 23 35 28 8 14 21 27 33 35 25 31
90 26 38 57 71 32 30 30 27 27 23 28 35 22 26 21 58 18 0 1 17 10 13 29 27 20 32 36 44 51 49 36 26
91 26 39 58 72 33 31 32 28 28 24 29 36 23 25 21 57 17 1 0 16 10 12 28 26 19 31 35 43 50 49 36 27
107 42 55 74 85 48 46 46 42 42 38 44 51 39 41 36 60 30 17 16 0 7 7 15 19 28 40 42 50 61 65 53 42
101 37 48 67 78 41 39 39 35 35 31 37 45 33 36 32 61 26 10 10 7 0 8 21 23 26 38 42 50 59 60 47 35
103 36 51 70 83 45 43 43 40 40 36 41 48 34 34 30 53 23 13 12 7 8 0 16 15 20 33 35 43 53 58 46 39
118 51 67 86 99 61 59 59 55 56 51 57 64 49 47 43 52 35 29 28 15 21 16 0 9 30 41 39 47 60 70 60 55
113 45 63 82 98 59 57 57 54 54 50 53 60 45 40 36 43 28 27 26 19 23 15 9 0 21 31 30 38 51 63 53 53
93 25 45 63 83 44 43 44 41 42 38 38 43 26 19 16 38 8 20 19 28 26 20 30 21 0 12 16 24 33 41 32 39
89 25 46 62 87 49 49 49 48 49 46 42 45 29 18 17 31 14 32 31 40 38 33 41 31 12 0 8 13 20 33 28 45
96 33 54 70 95 57 56 57 55 56 53 50 53 37 26 25 23 21 36 35 42 42 35 39 30 16 8 0 8 21 40 36 52
96 37 58 72 98 62 61 62 61 61 59 54 57 42 29 30 19 27 44 43 50 50 43 47 38 24 13 8 0 14 38 38 57
85 36 54 65 94 61 61 62 61 62 60 54 54 42 29 32 30 33 51 50 61 59 53 60 51 33 20 21 14 0 28 32 58
57 24 32 39 69 43 44 45 46 47 47 37 34 29 24 28 57 35 49 49 65 60 58 70 63 41 33 40 38 28 0 13 42
61 10 21 34 61 30 31 32 33 34 33 24 22 15 13 17 57 25 36 36 53 47 46 60 53 32 28 36 38 32 13 0 29
67 21 15 33 45 6 4 5 4 5 5 5 12 16 28 27 75 31 26 27 42 35 39 55 53 39 45 52 57 58 42 29 0
DAMAGES
0 0 0
0 0 0.0167
0 0.0167 0.0391
0.0167 0.0391 0.0616
0.0391 0.0616 0.0941
0.0616 0.0941 0.1267
DEMAND_SECTION
1 0
2 700
3 400
4 400
5 1200
6 40
7 80
8 2000
9 900
10 600
11 750
12 1500
13 150
14 250
15 1600
16 450
17 700
18 550
19 650
20 200
21 400
22 300
23 1300
24 700
25 750
26 1400
27 4000
28 600
29 1000
30 500
31 2500
32 1700
33 1100
