TYPE GCVRP
DIMENSION 30
CAPACITY 4500
NUMBER_OF_VEHICLES 3
EDGE_WEIGHT_SECTION
0 67 68 58 71 71 63 68 8705 58 73 54 60 12890 56 10375 61 10704 45 46 49 5149 61 43 76 141 57 148 13372 71
67 0 50 4482 43 45 43 96 28256 94 88 86 167 89 89 89 88 92 69 17017 65 72 63 116 44 4734 11236 54 66 49
68 50 0 51 3670 44 53 31888 88 27977 83 105 26021 88 107 159 27698 115 69 77 13766 67 10875 87 11236 58 63 17740 118 95
58 4482 51 0 43 52 44 86 22668 102 20992 96 140 80 79 138 99 25183 11371 61 52 65 51 60 52 55 9430 13043 15572 7986
71 43 3670 43 0 43 43 31050 84 167 80 86 25741 87 161 85 162 114 14260 63 12682 80 10514 67 49 52 12321 12682 17740 7986
71 45 44 52 43 0 5067 128 171 179 27138 87 28256 95 93 87 29374 93 74 67 16294 16705 13766 93 57 52 68 61 111 82
63 43 53 44 43 5067 0 91 107 168 24344 83 157 85 26859 83 88 114 77 73 59 71 57 14705 42 45 53 53 62 3651
68 96 31888 86 31050 128 91 0 7582 5625 70 68 49 44 52 5905 48 50 64 74 21271 114 23506 13448 106 104 84 224 163 106
8705 28256 88 22668 84 171 107 7582 0 43 43 46 43 48 40 50 51 44 51 127 73 52 95 6260 97 203 171 98 91 94
58 94 27977 102 167 179 168 5625 43 0 45 42 41 48 2273 50 60 1155 54 21714 78 56 25687 53 100 105 31467 101 98 36886
73 88 83 20992 80 27138 24344 70 43 45 0 39 1435 48 45 43 44 47 53 17378 85 59 21351 5149 33996 123 80 98 29661 183
54 86 105 96 86 87 83 68 46 42 39 0 38 44 44 45 3390 44 6038 121 19907 53 22436 54 94 99 83 101 176 91
60 167 26021 140 25741 28256 157 49 43 41 1435 38 0 47 52 49 53 46 6260 85 70 77 74 50 35802 35802 108 36525 88 33996
12890 89 88 80 87 95 85 44 48 48 48 44 47 0 6185 2552 876 44 65 114 85 74 91 58 98 130 22668 37609 150 94
56 89 107 79 161 93 26859 52 40 2273 45 44 52 6185 0 5625 68 44 6926 72 75 7372 23519 51 207 98 87 100 191 95
10375 89 159 138 85 87 83 5905 50 50 43 45 49 2552 5625 0 41 47 59 65 15404 58 71 58 124 93 20433 94 80 90
61 88 27698 99 162 29374 88 48 51 60 44 3390 53 876 68 41 0 4508 82 15684 70 13169 74 54 96 200 76 36164 80 93
10704 92 115 25183 114 93 114 50 44 1155 47 44 46 44 44 47 4508 0 8705 77 77 57 158 53 39776 39776 90 103 125 104
45 69 69 11371 14260 74 77 64 51 54 53 6038 6260 65 6926 59 82 8705 0 78 10153 49 61 482 155 81 63 83 109 147
46 17017 77 61 63 67 73 74 127 21714 17378 121 85 114 72 65 15684 77 78 0 41 75 46 55 17017 81 67 19184 65 77
49 65 13766 52 12682 16294 59 21271 73 78 85 19907 70 85 75 15404 70 77 10153 41 0 75 42 10875 66 16655 11959 19184 119 75
5149 72 67 65 80 16705 71 114 52 56 59 53 77 74 7372 58 13169 57 49 75 75 0 56 46 84 112 110 183 74 83
61 63 10875 51 10514 13766 57 23506 95 25687 21351 22436 74 91 23519 71 74 158 61 46 42 56 0 13043 61 65 61 18823 68 73
43 116 87 60 67 93 14705 13448 6260 53 5149 54 50 58 51 58 54 53 482 55 10875 46 13043 0 82 105 62 28577 69 24964
76 44 11236 52 49 57 42 106 97 100 33996 94 35802 98 207 124 96 39776 155 17017 66 84 61 82 0 41 62 6540 13404 43
141 4734 58 55 52 52 45 104 203 105 123 99 35802 130 98 93 200 39776 81 81 16655 112 65 105 41 0 55 45 57 1844
57 11236 63 9430 12321 68 53 84 171 31467 80 83 108 22668 87 20433 76 90 63 67 11959 110 61 62 62 55 0 52 6179 68
148 54 17740 13043 12682 61 53 224 98 101 98 101 36525 37609 100 94 36164 103 83 19184 19184 183 18823 28577 6540 45 52 0 8347 5095
13372 66 118 15572 17740 111 62 163 91 98 29661 176 88 150 191 80 80 125 109 65 119 74 68 69 13404 57 6179 8347 0 85
71 49 95 7986 7986 82 3651 106 94 36886 183 91 33996 94 95 90 93 104 147 77 75 83 73 24964 43 1844 68 5095 85 0
TYPE_OF_ARC
-1 0 1 0 0 1 0 1 0 0 0 0 0 1 0 1 1 0 0 2 2 0 2 0 2 2 0 2 0 2
0 -1 1 0 0 1 0 1 1 1 1 1 1 1 1 1 1 1 0 2 2 0 2 0 2 2 2 2 2 2
1 1 -1 1 1 1 1 1 1 1 1 1 1 1 1 1 1 1 1 2 2 0 2 1 2 2 1 2 1 2
0 0 1 -1 0 1 0 1 1 1 1 1 1 1 1 1 1 1 0 2 2 0 2 0 2 2 2 2 2 2
0 0 1 0 -1 1 0 1 1 1 1 1 1 1 1 1 1 1 0 2 2 0 2 0 2 2 2 2 2 2
1 1 1 1 1 -1 1 1 1 1 1 1 1 1 1 1 1 1 1 2 2 0 2 1 2 2 1 2 1 2
0 0 1 0 0 1 -1 1 1 1 1 1 1 1 1 1 1 1 0 2 2 0 2 0 2 2 2 2 2 2
1 1 1 1 1 1 1 -1 1 1 1 1 1 1 1 1 1 1 1 1 1 1 1 1 2 2 1 2 1 2
0 1 1 1 1 1 1 1 -1 1 1 1 1 1 1 1 1 1 0 2 2 0 2 0 2 2 2 2 2 2
0 1 1 1 1 1 1 1 1 -1 1 1 1 1 1 1 1 1 0 2 2 0 2 0 2 2 2 2 2 2
0 1 1 1 1 1 1 1 1 1 -1 1 1 1 1 1 1 1 0 2 2 0 2 0 2 2 2 2 2 2
0 1 1 1 1 1 1 1 1 1 1 -1 1 1 1 1 1 1 0 2 2 0 2 0 2 2 2 2 2 2
0 1 1 1 1 1 1 1 1 1 1 1 -1 1 1 1 1 1 0 2 2 0 2 0 2 2 2 2 2 2
1 1 1 1 1 1 1 1 1 1 1 1 1 -1 1 1 1 1 1 1 1 1 1 1 2 2 1 2 1 2
0 1 1 1 1 1 1 1 1 1 1 1 1 1 -1 1 1 1 0 2 2 0 2 0 2 2 2 2 2 2
1 1 1 1 1 1 1 1 1 1 1 1 1 1 1 -1 1 1 1 1 1 1 1 1 2 2 1 2 1 2
1 1 1 1 1 1 1 1 1 1 1 1 1 1 1 1 -1 1 1 1 1 1 1 1 2 2 1 2 1 2
0 1 1 1 1 1 1 1 1 1 1 1 1 1 1 1 1 -1 0 2 2 0 2 0 2 2 2 2 2 2
0 0 1 0 0 1 0 1 0 0 0 0 0 1 0 1 1 0 -1 2 2 0 2 0 2 2 0 2 0 2
2 2 2 2 2 2 2 1 2 2 2 2 2 1 2 1 1 2 2 -1 2 0 2 2 2 2 2 2 2 2
2 2 2 2 2 2 2 1 2 2 2 2 2 1 2 1 1 2 2 2 -1 0 2 2 2 2 2 2 2 2
0 0 0 0 0 0 0 1 0 0 0 0 0 1 0 1 1 0 0 0 0 -1 0 0 2 2 0 2 0 2
2 2 2 2 2 2 2 1 2 2 2 2 2 1 2 1 1 2 2 2 2 0 -1 2 2 2 2 2 2 2
0 0 1 0 0 1 0 1 0 0 0 0 0 1 0 1 1 0 0 2 2 0 2 -1 2 2 0 2 0 2
2 2 2 2 2 2 2 2 2 2 2 2 2 2 2 2 2 2 2 2 2 2 2 2 -1 2 2 2 2 2
2 2 2 2 2 2 2 2 2 2 2 2 2 2 2 2 2 2 2 2 2 2 2 2 2 -1 2 2 2 2
0 2 1 2 2 1 2 1 2 2 2 2 2 1 2 1 1 2 0 2 2 0 2 0 2 2 -1 2 2 2
2 2 2 2 2 2 2 2 2 2 2 2 2 2 2 2 2 2 2 2 2 2 2 2 2 2 2 -1 2 2
0 2 1 2 2 1 2 1 2 2 2 2 2 1 2 1 1 2 0 2 2 0 2 0 2 2 2 2 -1 2
2 2 2 2 2 2 2 2 2 2 2 2 2 2 2 2 2 2 2 2 2 2 2 2 2 2 2 2 2 -1
CONDITION_OF_ARC
-1 0 0 0 3 2 0 0 5 2 4 2 3 5 2 5 2 5 0 1 2 5 3 2 0 4 1 4 5 1
0 -1 2 5 2 2 3 0 5 2 2 0 4 0 0 2 0 0 1 5 2 0 0 4 3 5 5 2 2 0
0 2 -1 0 5 1 0 5 2 5 0 3 5 0 3 4 5 3 1 3 5 2 5 3 5 1 0 5 4 4
0 5 0 -1 1 0 2 0 5 3 5 3 4 1 0 4 3 5 5 3 2 0 0 1 2 0 5 5 5 5
3 2 5 1 -1 2 2 5 1 4 1 2 5 1 4 2 4 3 5 2 5 3 5 0 2 2 5 5 5 5
2 2 1 0 2 -1 5 3 4 4 5 1 5 2 2 1 5 0 1 1 5 5 5 3 3 1 3 1 4 4
0 3 0 2 2 5 -1 1 3 4 5 0 4 1 5 0 2 3 3 3 1 2 1 5 1 1 2 2 2 5
0 0 5 0 5 3 1 -1 5 5 4 4 1 2 1 5 0 3 0 0 5 4 5 5 1 1 0 4 4 2
5 5 2 5 1 4 3 5 -1 3 1 0 3 2 3 0 0 2 2 4 0 1 3 5 1 4 4 0 0 0
2 2 5 3 4 4 4 5 3 -1 2 2 1 0 5 3 4 5 2 5 2 2 5 2 0 2 5 0 2 5
4 2 0 5 1 5 5 4 1 2 -1 1 5 0 2 3 2 2 3 5 3 3 5 5 5 3 1 2 5 4
2 0 3 3 2 1 0 4 0 2 1 -1 2 2 2 0 5 1 5 4 5 1 5 3 0 2 0 2 4 1
3 4 5 4 5 5 4 1 3 1 5 2 -1 0 4 4 4 3 5 3 1 4 1 1 5 5 3 5 0 5
5 0 0 1 1 2 1 2 2 0 0 2 0 -1 5 5 5 1 3 4 3 3 3 0 0 3 5 5 4 0
2 0 3 0 4 2 5 1 3 5 2 2 4 5 -1 5 4 2 5 0 2 5 5 2 4 0 0 0 4 0
5 2 4 4 2 1 0 5 0 3 3 0 4 5 5 -1 2 2 3 0 5 1 2 3 3 0 5 0 2 1
2 0 5 3 4 5 2 0 0 4 2 5 4 5 4 2 -1 5 4 5 0 5 2 1 0 4 0 5 0 0
5 0 3 5 3 0 3 3 2 5 2 1 3 1 2 2 5 -1 5 2 1 1 4 1 5 5 0 1 3 2
0 1 1 5 5 1 3 0 2 2 3 5 5 3 5 3 4 5 -1 4 5 0 0 5 4 0 0 0 4 4
1 5 3 3 2 1 3 0 4 5 5 4 3 4 0 0 5 2 4 -1 2 4 1 0 5 3 3 5 1 3
2 2 5 2 5 5 1 5 0 2 3 5 1 3 2 5 0 1 5 2 -1 4 1 5 2 5 5 5 4 3
5 0 2 0 3 5 2 4 1 2 3 1 4 3 5 1 5 1 0 4 4 -1 2 2 1 3 4 4 0 0
3 0 5 0 5 5 1 5 3 5 5 5 1 3 5 2 2 4 0 1 1 2 -1 5 1 0 0 5 1 3
2 4 3 1 0 3 5 5 5 2 5 3 1 0 2 3 1 1 5 0 5 2 5 -1 0 3 1 5 2 5
0 3 5 2 2 3 1 1 1 0 5 0 5 0 4 3 0 5 4 5 2 1 1 0 -1 1 3 5 5 2
4 5 1 0 2 1 1 1 4 2 3 2 5 3 0 0 4 5 0 3 5 3 0 3 1 -1 0 1 1 5
1 5 0 5 5 3 2 0 4 5 1 0 3 5 0 5 0 0 0 3 5 4 0 1 3 0 -1 2 5 4
4 2 5 5 5 1 2 4 0 0 2 2 5 5 0 0 5 1 0 5 5 4 5 5 5 1 2 -1 5 5
5 2 4 5 5 4 2 4 0 2 5 4 0 4 4 2 0 3 4 1 4 0 1 2 5 1 5 5 -1 4
1 0 4 5 5 4 5 2 0 5 4 1 5 0 0 1 0 2 4 3 3 0 3 5 2 5 4 5 4 -1
DISTANCE
0 62 56 42 54 64 55 58 39 45 33 36 37 46 40 37 43 48 9 15 18 23 26 11 63 64 46 68 60 58
62 0 24 20 11 13 8 117 101 107 94 98 99 105 103 96 102 110 72 47 43 77 39 73 7 13 31 26 44 14
56 24 0 20 13 13 25 114 94 100 89 92 93 102 94 93 99 104 65 43 38 64 30 66 31 36 46 49 62 35
42 20 20 0 13 23 15 98 81 87 75 78 79 86 82 77 83 90 51 26 23 57 18 53 23 26 26 36 43 22
54 11 13 13 0 10 11 111 93 99 87 91 92 99 95 90 96 103 64 39 35 68 29 65 18 23 34 35 49 22
64 13 13 23 10 0 18 121 103 109 97 100 101 109 104 100 105 112 73 49 45 75 38 75 21 26 42 39 56 27
55 8 25 15 11 18 0 109 94 100 87 91 92 97 96 89 94 103 64 39 37 72 33 66 8 12 24 24 38 10
58 117 114 98 111 121 109 0 27 20 25 23 22 12 29 21 15 17 49 71 76 59 84 48 116 115 92 115 97 109
39 101 94 81 93 103 94 27 0 7 11 9 8 19 3 17 20 11 29 55 58 33 64 28 102 102 82 105 92 97
45 107 100 87 99 109 100 20 7 0 13 9 8 15 8 16 17 4 35 60 64 41 71 34 107 107 87 110 95 102
33 94 89 75 87 97 87 25 11 13 0 3 5 14 14 7 12 16 24 48 52 34 59 23 94 94 73 96 82 89
36 98 92 78 91 100 91 23 9 9 3 0 1 12 12 8 12 12 27 51 55 36 62 26 98 98 77 100 85 92
37 99 93 79 92 101 92 22 8 8 5 1 0 12 11 9 12 11 28 52 56 37 63 27 99 99 78 101 87 94
46 105 102 86 99 109 97 12 19 15 14 12 12 0 22 9 3 14 37 59 64 49 72 36 104 103 81 104 87 98
40 103 94 82 95 104 96 29 3 8 14 12 11 22 0 20 23 12 31 56 59 33 65 29 104 104 84 107 94 99
37 96 93 77 90 100 89 21 17 16 7 8 9 9 20 0 6 17 28 50 55 41 63 27 96 95 73 96 80 89
43 102 99 83 96 105 94 15 20 17 12 12 12 3 23 6 0 16 34 56 61 47 69 33 101 100 77 100 83 94
48 110 104 90 103 112 103 17 11 4 16 12 11 14 12 17 16 0 39 63 67 45 74 37 110 110 89 112 97 105
9 72 65 51 64 73 64 49 29 35 24 27 28 37 31 28 34 39 0 25 28 20 35 2 72 73 54 77 66 67
15 47 43 26 39 49 39 71 55 60 48 51 52 59 56 50 56 63 25 0 5 35 14 26 47 48 32 53 47 43
18 43 38 23 35 45 37 76 58 64 52 55 56 64 59 55 61 67 28 5 0 35 8 30 45 46 33 53 50 41
23 77 64 57 68 75 72 59 33 41 34 36 37 49 33 41 47 45 20 35 35 0 38 19 80 82 68 89 82 77
26 39 30 18 29 38 33 84 64 71 59 62 63 72 65 63 69 74 35 14 8 38 0 36 41 44 36 52 53 39
11 73 66 53 65 75 66 48 28 34 23 26 27 36 29 27 33 37 2 26 30 19 36 0 74 75 56 79 68 69
63 7 31 23 18 21 8 116 102 107 94 98 99 104 104 96 101 110 72 47 45 80 41 74 0 5 27 18 37 8
64 13 36 26 23 26 12 115 102 107 94 98 99 103 104 95 100 110 73 48 46 82 44 75 5 0 24 13 32 5
46 31 46 26 34 42 24 92 82 87 73 77 78 81 84 73 77 89 54 32 33 68 36 56 27 24 0 23 17 19
68 26 49 36 35 39 24 115 105 110 96 100 101 104 107 96 100 112 77 53 53 89 52 79 18 13 23 0 23 14
60 44 62 43 49 56 38 97 92 95 82 85 87 87 94 80 83 97 66 47 50 82 53 68 37 32 17 23 0 29
58 14 35 22 22 27 10 109 97 102 89 92 94 98 99 89 94 105 67 43 41 77 39 69 8 5 19 14 29 0
DAMAGES
0 0 0
0 0 0.0167
0 0.0167 0.0391
0.0167 0.0391 0.0616
0.0391 0.0616 0.0941
0.0616 0.0941 0.1267
DEMAND_SECTION
1 0
2 300
3 3100
4 125
5 100
6 200
7 150
8 150
9 450
10 300
11 100
12 950
13 125
14 150
15 150
16 550
17 150
18 100
19 150
20 400
21 300
22 1500
23 100
24 300
25 500
26 800
27 300
28 100
29 150
30 1000
