set O:= 0;
set N:= 1 2 3 4 5 6 7 8 9 10 11 12 13 14 15 16 17 18 19 20 21 22 23 24 25 26 27 28 29;
set K:= 1 2 3;
param V:= 3;
param cp:= 4500;
param dm:= 2.0;
param o:=
0 0
1 300
2 3100
3 125
4 100
5 200
6 150
7 150
8 450
9 300
10 100
11 950
12 125
13 150
14 150
15 550
16 150
17 100
18 150
19 400
20 300
21 1500
22 100
23 300
24 500
25 800
26 300
27 100
28 150
29 1000
;
param c[*,*]
: 0 1 2 3 4 5 6 7 8 9 10 11 12 13 14 15 16 17 18 19 20 21 22 23 24 25 26 27 28 29:=
0 0 14 16 9 24 22 12 16 8660 12 29 10 16 12844 11 10331 15 10658 2 6 8 5107 19 3 23 92 11 98 13323 23 
1 14 0 8 4441 3 5 4 33 28200 37 33 27 111 29 29 34 28 31 18 16971 19 17 14 65 5 4694 11193 12 20 5 
2 16 8 0 6 3630 4 7 31830 33 27921 25 51 25966 28 52 104 27642 58 20 31 13721 18 10832 37 11193 14 13 17693 69 51 
3 9 4441 6 0 3 6 4 27 22616 49 20941 44 88 27 23 86 46 25129 11324 19 10 13 6 13 10 9 9388 12999 15526 7944 
4 24 3 3630 3 0 3 3 30992 29 111 27 32 25687 31 106 31 107 58 14211 18 12638 30 10471 14 8 10 12277 12638 17693 7944 
5 22 5 4 6 3 0 5026 68 115 122 27083 31 28200 38 36 31 29317 31 23 20 16248 16654 13721 42 15 10 23 16 63 39 
6 12 4 7 4 3 5026 0 34 52 112 24291 25 103 30 26804 25 33 58 28 28 15 20 13 14655 3 5 11 11 17 3611 
7 16 33 31830 27 30992 68 34 0 7539 5584 28 26 7 4 9 5863 4 9 14 20 21220 66 23453 13402 47 46 26 166 108 49 
8 8660 28200 33 22616 29 115 52 7539 0 4 3 3 4 7 2 5 6 4 8 79 21 8 46 6217 41 147 118 38 33 35 
9 12 37 27921 49 111 122 112 5584 4 0 5 3 2 4 2234 9 19 1117 10 21665 29 11 25636 9 39 48 31414 40 43 36830 
10 29 33 25 20941 27 27083 24291 28 3 5 0 1 1396 4 5 4 4 6 11 17332 38 15 21303 5107 33941 68 29 43 29608 129 
11 10 27 51 44 32 31 25 26 3 3 1 0 0 4 4 2 3350 4 5995 74 19859 9 22387 12 35 44 28 45 123 37 
12 16 111 25966 88 25687 28200 103 7 4 2 1396 0 0 3 12 10 13 6 6217 38 22 33 25 7 35746 35746 56 36469 31 33941 
13 12844 29 28 27 31 38 30 4 7 4 4 4 3 0 6143 2513 838 4 21 66 36 27 40 10 38 74 22616 37552 97 35 
14 11 29 52 23 106 36 26804 9 2 2234 5 4 12 6143 0 5584 26 4 6883 20 27 7328 23470 8 150 38 30 39 136 36 
15 10331 34 104 86 31 31 25 5863 5 9 4 2 10 2513 5584 0 2 6 16 14 15356 13 22 15 69 34 20382 35 28 36 
16 15 28 27642 46 107 29317 33 4 6 19 4 3350 13 838 26 2 0 4467 38 15636 17 13123 24 10 36 144 21 36108 23 34 
17 10658 31 58 25129 58 31 58 9 4 1117 6 4 6 4 4 6 4467 0 8660 28 27 11 107 9 39718 39718 32 45 70 47 
18 2 18 20 11324 14211 23 28 14 8 10 11 5995 6217 21 6883 16 38 8660 0 36 10110 4 13 444 104 26 12 28 59 97 
19 6 16971 31 19 18 20 28 20 79 21665 17332 74 38 66 20 14 15636 28 36 0 2 31 6 9 16971 35 23 19137 19 31 
20 8 19 13721 10 12638 16248 15 21220 21 29 38 19859 22 36 27 15356 17 27 10110 2 0 31 3 10832 20 16609 11915 19137 72 30 
21 5107 17 18 13 30 16654 20 66 8 11 15 9 33 27 7328 13 13123 11 4 31 31 0 11 5 32 59 60 129 18 28 
22 19 14 10832 6 10471 13721 13 23453 46 25636 21303 22387 25 40 23470 22 24 107 13 6 3 11 0 12999 16 16 13 18776 21 28 
23 3 65 37 13 14 42 14655 13402 6217 9 5107 12 7 10 8 15 10 9 444 9 10832 5 12999 0 27 54 14 28525 19 24914 
24 23 5 11193 10 8 15 3 47 41 39 33941 35 35746 38 150 69 36 39718 104 16971 20 32 16 27 0 2 19 6499 13360 4 
25 92 4694 14 9 10 10 5 46 147 48 68 44 35746 74 38 34 144 39718 26 35 16609 59 16 54 2 0 9 5 13 1805 
26 11 11193 13 9388 12277 23 11 26 118 31414 29 28 56 22616 30 20382 21 32 12 23 11915 60 13 14 19 9 0 10 6138 27 
27 98 12 17693 12999 12638 16 11 166 38 40 43 45 36469 37552 39 35 36108 45 28 19137 19137 129 18776 28525 6499 5 10 0 8305 5055 
28 13323 20 69 15526 17693 63 17 108 33 43 29608 123 31 97 136 28 23 70 59 19 72 18 21 19 13360 13 6138 8305 0 42 
29 23 5 51 7944 7944 39 3611 49 35 36830 129 37 33941 35 36 36 34 47 97 31 30 28 28 24914 4 1805 27 5055 42 0 

;param cto[*,*]
: 0 1 2 3 4 5 6 7 8 9 10 11 12 13 14 15 16 17 18 19 20 21 22 23 24 25 26 27 28 29:=
0 0 53 52 49 47 49 51 52 45 46 44 44 44 46 45 44 46 46 43 40 41 42 42 40 53 49 46 50 49 48 
1 53 0 42 41 40 40 39 63 56 57 55 59 56 60 60 55 60 61 51 46 46 55 49 51 39 40 43 42 46 44 
2 52 42 0 45 40 40 46 58 55 56 58 54 55 60 55 55 56 57 49 46 45 49 43 50 43 44 50 47 49 44 
3 49 41 45 0 40 46 40 59 52 53 51 52 52 53 56 52 53 54 47 42 42 52 45 47 42 46 42 44 46 42 
4 47 40 40 40 0 40 40 58 55 56 53 54 54 56 55 54 55 56 49 45 44 50 43 53 41 42 44 44 47 42 
5 49 40 40 46 40 0 41 60 56 57 55 56 56 57 57 56 57 62 51 47 46 51 45 51 42 42 45 45 48 43 
6 51 39 46 40 40 41 0 57 55 56 53 58 54 55 55 58 55 56 49 45 44 51 44 50 39 40 42 42 45 40 
7 52 63 58 59 58 60 57 0 43 41 42 42 42 40 43 42 44 41 50 54 51 48 53 46 59 58 58 58 55 57 
8 45 56 55 52 55 56 55 43 0 39 40 43 39 41 38 45 45 40 43 48 52 44 49 43 56 56 53 60 58 59 
9 46 57 56 53 56 57 56 41 39 0 40 39 39 44 39 41 41 38 44 49 49 45 51 44 61 57 53 61 55 56 
10 44 55 58 51 53 55 53 42 40 40 0 38 39 44 40 39 40 41 42 46 47 44 48 42 55 55 51 55 53 54 
11 44 59 54 52 54 56 58 42 43 39 38 0 38 40 40 43 40 40 43 47 48 44 49 42 59 55 55 56 53 54 
12 44 56 55 52 54 56 54 42 39 39 39 38 0 44 40 39 40 40 43 47 48 44 49 43 56 56 52 56 57 55 
13 46 60 60 53 56 57 55 40 41 44 44 40 44 0 42 39 38 40 44 48 49 47 51 48 60 56 52 57 53 59 
14 45 60 55 56 55 57 55 43 38 39 40 40 40 42 0 41 42 40 43 52 48 44 49 43 57 60 57 61 55 59 
15 44 55 55 52 54 56 58 42 45 41 39 43 39 39 41 0 39 41 43 51 48 45 49 43 55 59 51 59 52 54 
16 46 60 56 53 55 57 55 44 45 41 40 40 40 38 42 39 0 41 44 48 53 46 50 44 60 56 55 56 57 59 
17 46 61 57 54 56 62 56 41 40 38 41 40 40 40 40 41 41 0 45 49 50 46 51 44 58 58 58 58 55 57 
18 43 51 49 47 49 51 49 50 43 44 42 43 43 44 43 43 44 45 0 42 43 45 48 38 51 55 51 55 50 50 
19 40 46 46 42 45 47 45 54 48 49 46 47 47 48 52 51 48 49 42 0 39 44 40 46 46 46 44 47 46 46 
20 41 46 45 42 44 46 44 51 52 49 47 48 48 49 48 48 53 50 43 39 0 44 39 43 46 46 44 47 47 45 
21 42 55 49 52 50 51 51 48 44 45 44 44 44 47 44 45 46 46 45 44 44 0 45 41 52 53 50 54 56 55 
22 42 49 43 45 43 45 44 53 49 51 48 49 49 51 49 49 50 51 48 40 39 45 0 44 45 49 48 47 47 45 
23 40 51 50 47 53 51 50 46 43 44 42 42 43 48 43 43 44 44 38 46 43 41 44 0 55 51 48 52 50 50 
24 53 39 43 42 41 42 39 59 56 61 55 59 56 60 57 55 60 58 51 46 46 52 45 55 0 39 43 41 44 39 
25 49 40 44 46 42 42 40 58 56 57 55 55 56 56 60 59 56 58 55 46 46 53 49 51 39 0 46 40 44 39 
26 46 43 50 42 44 45 42 58 53 53 51 55 52 52 57 51 55 58 51 44 44 50 48 48 43 46 0 42 41 41 
27 50 42 47 44 44 45 42 58 60 61 55 56 56 57 61 59 56 58 55 47 47 54 47 52 41 40 42 0 42 40 
28 49 46 49 46 47 48 45 55 58 55 53 53 57 53 55 52 57 55 50 46 47 56 47 50 44 44 41 42 0 43 
29 48 44 44 42 42 43 40 57 59 56 54 54 55 59 59 54 59 57 50 46 45 55 45 50 39 39 41 40 43 0 

;param d[*,*]
: 0 1 2 3 4 5 6 7 8 9 10 11 12 13 14 15 16 17 18 19 20 21 22 23 24 25 26 27 28 29:=
0 0.0 0 0 0 0.9 1.07 0 0 2.4 0 1.29 0 0.62 4.33 0 3.48 0.72 2.96 0 0.25 0.7 1.42 1.6 0 0 6.02 0 6.4 3.7 0.97 
1 0 0.0 0.4 1.23 0 0.22 0.13 0 9.5 1.79 1.57 0 6.1 0 0 1.6 0 0 0 5.95 1.68 0 0 2.85 0.43 1.65 3.93 1.02 1.72 0 
2 0 0.4 0.0 0 1.22 0 0 10.73 1.57 9.41 0 3.6 8.75 0 3.68 5.73 9.32 4.07 0 2.65 4.81 0 3.8 2.58 3.93 0.6 0 6.21 3.82 3.29 
3 0 1.23 0 0.0 0 0 0 0 7.62 3.4 7.06 3.05 4.87 0 0 4.74 3.25 8.47 3.14 1.6 0.9 0 0 0 0.9 0 3.29 4.56 5.45 2.79 
4 0.9 0 1.22 0 0.0 0.17 0 10.45 0 6.1 0 1.52 8.66 0 5.85 1.5 5.91 4.03 3.94 1.52 4.43 1.14 3.67 0 0.7 0.9 4.31 4.43 6.21 2.79 
5 1.07 0.22 0 0 0.17 0.0 1.69 4.73 6.34 6.71 9.13 0 9.5 1.82 1.74 0 9.88 0 0 0.82 5.7 4.62 4.81 2.93 1.29 0.43 1.64 0.65 3.45 2.54 
6 0 0.13 0 0 0 1.69 0.0 0 3.68 6.16 8.19 0 5.67 0 9.03 0 1.57 4.03 1.07 2.4 0.62 0 0.55 4.07 0.13 0.2 0.94 0.94 1.49 1.27 
7 0 0 10.73 0 10.45 4.73 0 0.0 2.54 1.88 1.54 1.42 0 0.2 0 1.98 0 0.66 0 0 7.15 3.63 7.9 4.52 1.94 1.92 0 10.82 5.98 4.26 
8 2.4 9.5 1.57 7.62 0 6.34 3.68 2.54 0.0 0.27 0 0 0.31 0.32 0.12 0 0 0.18 0 5.18 0 0 3.94 1.72 1.7 9.6 7.72 0 0 0 
9 0 1.79 9.41 3.4 6.1 6.71 6.16 1.88 0.27 0.0 0.22 0.15 0 0 0.75 0.63 1.05 0.38 0 7.6 2.5 0 9.0 0 0 4.18 11.02 0 3.71 12.92 
10 1.29 1.57 0 7.06 0 9.13 8.19 1.54 0 0.22 0.0 0 0.47 0 0.23 0.27 0.2 0.27 0.4 6.08 3.2 0.57 7.48 1.42 11.91 5.79 1.22 3.75 10.39 8.37 
11 0 0 3.6 3.05 1.52 0 0 1.42 0 0.15 0 0.0 0.02 0.2 0.2 0 1.13 0 1.66 4.8 6.97 0 7.86 0.43 0 3.83 0 3.91 8.0 1.54 
12 0.62 6.1 8.75 4.87 8.66 9.5 5.67 0 0.31 0 0.47 0.02 0.0 0 0.68 0.55 0.74 0.43 1.72 3.2 0.94 1.45 1.05 0 12.54 12.54 4.8 12.8 0 11.91 
13 4.33 0 0 0 0 1.82 0 0.2 0.32 0 0 0.2 0 0.0 2.07 0.85 0.28 0 1.45 3.63 2.5 1.92 2.82 0 0 6.34 7.62 13.18 5.36 0 
14 0 0 3.68 0 5.85 1.74 9.03 0 0.12 0.75 0.23 0.2 0.68 2.07 0.0 1.88 1.42 0.2 1.91 0 2.31 2.03 8.24 0 9.79 0 0 0 8.85 0 
15 3.48 1.6 5.73 4.74 1.5 0 0 1.98 0 0.63 0.27 0 0.55 0.85 1.88 0.0 0.1 0.28 1.09 0 5.18 0 1.05 1.06 5.91 0 6.87 0 1.34 1.49 
16 0.72 0 9.32 3.25 5.91 9.88 1.57 0 0 1.05 0.2 1.13 0.74 0.28 1.42 0.1 0.0 1.51 2.09 5.27 0 4.42 1.15 0 0 9.41 0 12.67 0 0 
17 2.96 0 4.07 8.47 4.03 0 4.03 0.66 0.18 0.38 0.27 0 0.43 0 0.2 0.28 1.51 0.0 2.4 2.46 1.12 0 6.96 0 13.94 13.94 0 1.87 5.98 4.11 
18 0 0 0 3.14 3.94 0 1.07 0 0 0 0.4 1.66 1.72 1.45 1.91 1.09 2.09 2.4 0.0 2.35 3.55 0 0 0.12 6.78 0 0 0 2.58 6.3 
19 0.25 5.95 2.65 1.6 1.52 0.82 2.4 0 5.18 7.6 6.08 4.8 3.2 3.63 0 0 5.27 2.46 2.35 0.0 0.2 1.37 0.23 0 5.95 2.96 1.97 6.72 0.78 2.65 
20 0.7 1.68 4.81 0.9 4.43 5.7 0.62 7.15 0 2.5 3.2 6.97 0.94 2.5 2.31 5.18 0 1.12 3.55 0.2 0.0 1.37 0.13 3.8 1.76 5.83 4.18 6.72 4.71 2.53 
21 1.42 0 0 0 1.14 4.62 0 3.63 0 0 0.57 0 1.45 1.92 2.03 0 4.42 0 0 1.37 1.37 0.0 0 0 1.34 5.05 2.66 8.37 0 0 
22 1.6 0 3.8 0 3.67 4.81 0.55 7.9 3.94 9.0 7.48 7.86 1.05 2.82 8.24 1.05 1.15 6.96 0 0.23 0.13 0 0.0 4.56 0.68 0 0 6.59 0.89 2.4 
23 0 2.85 2.58 0 0 2.93 4.07 4.52 1.72 0 1.42 0.43 0 0 0 1.06 0 0 0.12 0 3.8 0 4.56 0.0 0 4.62 0 10.01 0 8.74 
24 0 0.43 3.93 0.9 0.7 1.29 0.13 1.94 1.7 0 11.91 0 12.54 0 9.79 5.91 0 13.94 6.78 5.95 1.76 1.34 0.68 0 0.0 0.08 1.66 2.28 4.69 0.31 
25 6.02 1.65 0.6 0 0.9 0.43 0.2 1.92 9.6 4.18 5.79 3.83 12.54 6.34 0 0 9.41 13.94 0 2.96 5.83 5.05 0 4.62 0.08 0.0 0 0.22 0.53 0.63 
26 0 3.93 0 3.29 4.31 1.64 0.94 0 7.72 11.02 1.22 0 4.8 7.62 0 6.87 0 0 0 1.97 4.18 2.66 0 0 1.66 0 0.0 0.9 2.15 1.79 
27 6.4 1.02 6.21 4.56 4.43 0.65 0.94 10.82 0 0 3.75 3.91 12.8 13.18 0 0 12.67 1.87 0 6.72 6.72 8.37 6.59 10.01 2.28 0.22 0.9 0.0 2.91 1.77 
28 3.7 1.72 3.82 5.45 6.21 3.45 1.49 5.98 0 3.71 10.39 8.0 0 5.36 8.85 1.34 0 5.98 2.58 0.78 4.71 0 0.89 0 4.69 0.53 2.15 2.91 0.0 2.73 
29 0.97 0 3.29 2.79 2.79 2.54 1.27 4.26 0 12.92 8.37 1.54 11.91 0 0 1.49 0 4.11 6.3 2.65 2.53 0 2.4 8.74 0.31 0.63 1.79 1.77 2.73 0.0 

;