set O:= 0;
set N:= 1 2 3 4 5 6 7 8 9 10 11 12 13 14 15 16 17 18 19 20 21 22 23 24 25 26 27 28 29 30 31 32 33 34 35 36 37 38 39 40 41 42 43 44 45 46 47 48 49 50;
set K:= 1 2 3 4 5;
param V:= 5;
param cp:= 160;
param dm:= 5.0;
param o:=
0 0
1 7
2 30
3 16
4 9
5 21
6 15
7 19
8 23
9 11
10 5
11 19
12 29
13 23
14 21
15 10
16 15
17 3
18 41
19 9
20 28
21 8
22 8
23 16
24 10
25 28
26 7
27 15
28 14
29 6
30 19
31 11
32 12
33 23
34 26
35 17
36 6
37 9
38 15
39 14
40 7
41 27
42 13
43 11
44 16
45 10
46 5
47 25
48 17
49 18
50 10
;
param c[*,*]
: 0 1 2 3 4 5 6 7 8 9 10 11 12 13 14 15 16 17 18 19 20 21 22 23 24 25 26 27 28 29 30 31 32 33 34 35 36 37 38 39 40 41 42 43 44 45 46 47 48 49 50:=
0 0 4 6 9 9 5 4 9 7944 6 25 4 4 8097 8 6701 6 4747 5 10 11 7106 14 10 9 33 11 9 10471 9 8 21 6 7550 14 10889 12006 5026 13 11 47 17 8655 15 8 8 1 3 22 5 6 
1 4 0 4 5305 11 8 12 8 3972 7 9 3 22 11 9 13 4 8 11 12564 7 6 3 30 21 11915 6499 3 7 6 8 7 2 9326 6661 8 8655 8376 8 11 15636 25 15 12277 10331 10 15 6422 9 5773 11 
2 6 4 0 4 10331 7 10 12277 10 3553 6 6 6701 14 27 39 1776 19 14 28 3350 4 3611 24 14804 17 10 5305 26 10 5 10 3 8660 9 5305 8 11 3109 9 17 17 54 18 42 8882 5 32 17 9 3 
3 9 5305 4 0 15 10 16 10 7583 14 12006 14 42 19 16 56 10 13402 16609 36 2 5 4 11 16 18 9027 7539 3250 4747 8 11 25 60 28 6 3350 16 8 15 23 22 69 13123 14798 15 11 46 10 8 5995 
4 9 11 10331 15 0 7 7 10331 15 36 10 9 3350 5 19 6 39 4 1954 5 13402 25 13721 9 10 6 15165 6701 16971 12006 11 16609 8 8 11448 15 21 3 7259 11168 28 3630 4 22 4 7 5 4 32 16 10 
5 5 8 7 10 7 0 6980 22 48 13 3909 3 2513 12 10 4 4467 4 7 10 8935 6980 9749 20 21 10 29 6 53 28 5026 18 18 5584 12 12 50 3 2 7 11727 36 7539 27 6 6 4 5 8097 3 5 
6 4 12 10 16 7 6980 0 6 13 30 14082 8 20 11 3611 9 9 13 10 25 15 11 9 3972 5 6 9 4 13 13360 9326 10 6 15887 19 20 17 7539 7 35 32 11 13360 8 9 30 5 4188 2889 7328 7994 
7 9 8 12277 10 10331 22 6 0 5055 10214 48 48 11 18 8 13960 9 23 11 18 11168 44 9027 2166 6 10 4 27 38 15 11991 7 39 53 13 50 12844 12006 17 14 20942 21 21 5 13681 16 11 8935 16 41 20 
8 7944 3972 10 7583 15 48 13 5055 0 25 18 8 22 20 19 17 10 18 14 75 9 14 9 5416 10 48 10 5 5 11 15887 4 6138 39 59 45 14 18 11 19498 44 22 38 19 21 75 8 10832 3250 15 25 
9 6 7 3553 14 36 13 30 10214 25 0 3 3 7 10 9104 13 7 7259 10 9548 7 4 9388 12 10 12 15526 6 16 3553 2 14082 4219 20 4 8 10 6143 1554 4219 11991 39 9 16 7818 5773 4 8 15 1332 2 
10 25 9 6 12006 10 3909 14082 48 18 3 0 5 6143 10 20 8 6 8 26 8438 21 10 13360 11102 11769 34 21 9 16609 30 8 23 6217 11 4 15 14 21 3331 2220 12 18 14 14 12 4 6 10 10 2 7 
11 4 3 6 14 9 3 8 48 8 3 5 0 5 14 14 7 2220 7 9388 45 6143 5 5777 22 13 16 11 5 38 5 4663 20 7 6883 4441 8097 11 7 2 28 28 14 13 31 31 6883 3 5 9 12 3 
12 4 22 6701 42 3350 2513 20 11 22 7 6143 5 0 7 23 18 25 5 3909 15 11 36 11 9 8376 6701 26 4467 13 8655 8 17 5 15 34 24 13 3 8 9 11 28 27 11448 6 13 2 1675 7 5 7 
13 8097 11 14 19 5 12 11 18 20 10 10 14 7 0 6499 8935 10880 7 10 12 34 26 35 12 10 9 17332 9214 81 16 12 19498 12 12 16 24 40 30 18 13 4219 4 6 56 29 33 9 6 52 10 23 
14 8 9 27 16 19 10 3611 8 19 9104 20 14 23 6499 0 9772 36 8 3611 10 21 11102 11915 7 14 2 11 6 56 17 12 12999 38 16609 10880 78 20581 8 8 24 13 11 48 33 36 14804 7222 4 8 9 20 
15 6701 13 39 56 6 4 9 13960 17 13 8 7 18 8935 9772 0 10 4 14 6 12844 11 19 25 25 10 18776 9 23 12 6701 21 8376 6 8376 14798 16 2 6 26 11 7259 18 15915 7 1675 26 5305 11 18 8097 
16 6 4 1776 10 39 4467 9 9 10 7 6 2220 25 10880 36 10 0 8376 31 10658 4 2220 8 10 10 40 13 5107 10 2 3331 45 12 28 2665 21 13 15 8 6 14 12 12 11546 11 29 9 10 6661 6 1110 
17 4747 8 19 13402 4 4 13 23 18 7259 8 7 5 7 8 4 8376 0 3909 6 14 12 53 11 9493 6980 16 8 33 14 9 34 7 7 12 14798 20 1 5863 9 8 6 3909 13 2 5 18 5 10 23 8935 
18 5 11 14 16609 1954 7 10 11 14 10 26 9388 3909 10 3611 14 31 3909 0 29 16971 10 12 8666 30 4 13 7 61 62 9104 14804 9 27 20 24 84 6 8 18 42 6138 8 13 6143 11193 6 9 10 7 17 
19 10 12564 28 36 5 10 25 18 75 9548 8438 45 15 12 10 6 10658 6 29 0 22 50 21 16 14082 18 40 10610 24 32 12 22 13 15 13 20 21 7 34 13 9 1 2 18 4747 7 11 25 62 9 12 
20 11 7 3350 2 13402 8935 15 11168 9 7 21 6143 11 34 21 12844 4 14 16971 22 0 14 6 11448 17 19137 11193 7818 23 6 8 16 6143 27 22 2 4 48 22 12 82 35 17 14519 17 16 17 11 11 7 6 
21 7106 6 4 5 25 6980 11 44 14 4 10 5 36 26 11102 11 2220 12 10 50 14 0 11 13 13 24 62 28 11 2 4 14 5 7772 1998 4663 7 11 3997 5995 17 13 13 14 14 11 27 21 17 5 3 
22 14 3 3611 4 13721 9749 9 9027 9 9388 13360 5777 11 35 11915 19 8 53 12 21 6 11 0 9388 14 14 6 5416 4 13 12277 9 16 21 43 9 11 52 9 20 91 18 37 27 19 34 9 43 6138 12 9 
23 10 30 24 11 9 20 3972 2166 5416 12 11102 22 9 12 7 25 10 11 8666 16 11448 13 9388 0 3 15 6 5777 13 11727 11324 8666 17 14 45 12844 17 13 16 13 21 58 68 9 49 11546 8666 7259 13 9548 39 
24 9 21 14804 16 10 21 5 6 10 10 11769 13 8376 10 14 25 10 9493 30 14082 17 13 14 3 0 6 17 7944 13721 17 12 15 14 16 12 15356 32 21 8882 28 66 16 62 17 13 23 9749 29 7 10214 11102 
25 33 11915 17 18 6 10 6 10 48 12 34 16 6701 9 2 10 40 6980 4 18 19137 24 14 15 6 0 13 10 18 18415 12 31 14 35 11991 43 29 8097 11 20 11554 15 12 10 11 19 9 6 8666 9326 12 
26 11 6499 10 9027 15165 29 9 4 10 15526 21 11 26 17332 11 18776 13 16 13 40 11193 62 6 6 17 13 0 9 5777 52 18415 5 10 44 17 51 16 66 53 88 23470 24 42 7944 19137 21303 21 12999 9 16 15165 
27 9 3 5305 7539 6701 6 4 27 5 6 9 5 4467 9214 6 9 5107 8 7 10610 7818 28 5416 5777 7944 10 9 0 8305 7818 10 7944 3 11 7550 20 10889 7259 4 38 13 11 12 13 18 8660 5 4467 12 12 8 
28 10471 7 26 3250 16971 53 13 38 5 16 16609 38 13 81 56 23 10 33 61 24 23 11 4 13 13721 18 5777 8305 0 35 30 2166 8 26 15 27 7 18 14 24 28 24 24 17 19137 82 10832 28 30 14 46 
29 9 6 10 4747 12006 28 13360 15 11 3553 30 5 8655 16 17 12 2 14 62 32 6 2 13 11727 17 18415 52 7818 35 0 19 10 11 12 13 4188 7 11 4 10 37 64 18 61 13 11727 8 40 9 20 10 
30 8 8 5 8 11 5026 9326 11991 15887 2 8 4663 8 12 12 6701 3331 9 9104 12 8 4 12277 11324 12 12 18415 10 30 19 0 17 24 4 5 32 37 15 7 11 14 12 18 16 34 7 7 18 38 3 4 
31 21 7 10 11 16609 18 10 7 4 14082 23 20 17 19498 12999 21 45 34 14804 22 16 14 9 8666 15 31 5 7944 2166 10 17 0 17 85 17 36 12 19 49 23 25275 42 28 46 24 27 12 55 6 17 27 
32 6 2 3 25 8 18 6 39 6138 4219 6217 7 5 12 38 8376 12 7 9 13 6143 5 16 17 14 14 10 3 8 11 24 17 0 8 12 8 10 8 3 8216 57 11 14 13360 18 10 2513 5305 5416 5 5 
33 7550 9326 8660 60 8 5584 15887 53 39 20 11 6883 15 12 16609 6 28 7 27 15 27 7772 21 14 16 35 44 11 26 12 4 85 8 0 7 15 17032 5026 6 6 9104 7994 5551 15 5 6 8 8 11 4 6217 
34 14 6661 9 28 11448 12 19 13 59 4 4 4441 34 16 10880 8376 2665 12 20 13 22 1998 43 45 12 11991 17 7550 15 13 5 17 12 7 0 8 10 10 14 16 14 24 41 57 20 14 26 10051 37 2887 1332 
35 10889 8 5305 6 15 12 20 50 45 8 15 8097 24 24 78 14798 21 14798 24 20 2 4663 9 12844 15356 43 51 20 27 4188 32 36 8 15 8 0 7 28 7 13402 89 77 23 15915 16 16 11 17 21 8 12 
36 12006 8655 8 3350 21 50 17 12844 14 10 14 11 13 40 20581 16 13 20 84 21 4 7 11 17 32 29 16 10889 7 7 37 12 10 17032 10 7 0 20 8438 60 24 26 20 65 18 17590 13 14798 11168 9548 9 
37 5026 8376 11 16 3 3 7539 12006 18 6143 21 7 3 30 8 2 15 1 6 7 48 11 52 13 21 8097 66 7259 18 11 15 19 8 5026 10 28 20 0 5026 9 17 8 5 15 8 15 19 4 9214 4747 8 
38 13 8 3109 8 7259 2 7 17 11 1554 3331 2 8 18 8 6 8 5863 8 34 22 3997 9 16 8882 11 53 4 14 4 7 49 3 6 14 7 8438 5026 0 7 10880 10 7550 10880 28 5551 4 11 7 1554 10 
39 11 11 9 15 11168 7 35 14 19498 4219 2220 28 9 13 24 26 6 9 18 13 12 5995 20 13 28 20 88 38 24 10 11 23 8216 6 16 13402 60 9 7 0 12 22 8438 18 32 4441 10 12 11546 4 4885 
40 47 15636 17 23 28 11727 32 20942 44 11991 12 28 11 4219 13 11 14 8 42 9 82 17 91 21 66 11554 23470 13 28 37 14 25275 57 9104 14 89 24 17 10880 12 0 2665 4 42 9 30 11727 36 19 10658 13101 
41 17 25 17 22 3630 36 11 21 22 39 18 14 28 4 11 7259 12 6 6138 1 35 13 18 58 16 15 24 11 24 64 12 42 11 7994 24 77 26 8 10 22 2665 0 3 21 11 6 10 5863 58 11 22 
42 8655 15 54 69 4 7539 13360 21 38 9 14 13 27 6 48 18 12 3909 8 2 17 13 37 68 62 12 42 12 24 18 18 28 14 5551 41 23 20 5 7550 8438 4 3 0 20 3 4 8655 12 16248 7106 11 
43 15 12277 18 13123 22 27 8 5 19 16 14 31 11448 56 33 15915 11546 13 13 18 14519 14 27 9 17 10 7944 13 17 61 16 46 13360 15 57 15915 65 15 10880 18 42 21 20 0 19 13989 13 10 7583 12 13 
44 8 10331 42 14798 4 6 9 13681 21 7818 12 31 6 29 36 7 11 2 6143 4747 17 14 19 49 13 11 19137 18 19137 13 34 24 18 5 20 16 18 8 28 32 9 11 3 19 0 3 7 9 14 6143 9 
45 8 10 8882 15 7 6 30 16 75 5773 4 6883 13 33 14804 1675 29 5 11193 7 16 11 34 11546 23 19 21303 8660 82 11727 7 27 10 6 14 16 17590 15 5551 4441 30 6 4 13989 3 0 26 7 13 4441 8 
46 1 15 5 11 5 4 5 11 8 4 6 3 2 9 7222 26 9 18 6 11 17 27 9 8666 9749 9 21 5 10832 8 7 12 2513 8 26 11 13 19 4 10 11727 10 8655 13 7 26 0 2513 25 17 11 
47 3 6422 32 46 4 5 4188 8935 10832 8 10 5 1675 6 4 5305 10 5 9 25 11 21 43 7259 29 6 12999 4467 28 40 18 55 5305 8 10051 17 14798 4 11 12 36 5863 12 10 9 7 2513 0 7 6422 35 
48 22 9 17 10 32 8097 2889 16 3250 15 10 9 7 52 8 11 6661 10 10 62 11 17 6138 13 7 8666 9 12 30 9 38 6 5416 11 37 21 11168 9214 7 11546 19 58 16248 7583 14 13 25 7 0 16 7772 
49 5 5773 9 8 16 3 7328 41 15 1332 2 12 5 10 9 18 6 23 7 9 7 5 12 9548 10214 9326 16 12 14 20 3 17 5 4 2887 8 9548 4747 1554 4 10658 11 7106 12 6143 4441 17 6422 16 0 2665 
50 6 11 3 5995 10 5 7994 20 25 2 7 3 7 23 20 8097 1110 8935 17 12 6 3 9 39 11102 12 15165 8 46 10 4 27 5 6217 1332 12 9 8 10 4885 13101 22 11 13 9 8 11 35 7772 2665 0 

;param cto[*,*]
: 0 1 2 3 4 5 6 7 8 9 10 11 12 13 14 15 16 17 18 19 20 21 22 23 24 25 26 27 28 29 30 31 32 33 34 35 36 37 38 39 40 41 42 43 44 45 46 47 48 49 50:=
0 0 44 45 47 41 40 44 46 42 42 43 40 39 43 41 42 42 41 44 43 44 44 41 42 46 42 43 39 43 43 43 43 40 44 43 45 46 41 40 45 45 43 43 44 42 43 42 39 40 42 42 
1 44 0 40 41 43 42 41 46 40 42 44 44 41 49 46 44 45 47 43 46 41 46 43 42 43 44 41 39 41 45 44 41 39 45 43 43 43 43 41 46 48 46 46 44 44 45 40 42 40 42 42 
2 45 40 0 44 44 42 47 44 42 41 47 40 42 51 44 44 39 44 44 47 40 40 40 44 45 46 47 41 41 39 46 42 44 45 41 41 42 43 40 44 53 47 46 46 45 45 45 43 42 42 40 
3 47 41 44 0 47 48 44 48 42 43 46 42 45 49 50 47 42 46 46 49 39 46 44 44 46 51 42 43 39 41 48 40 42 47 44 40 40 46 43 47 51 49 49 46 47 51 44 45 43 48 43 
4 41 43 44 47 0 41 42 44 44 44 43 42 40 40 41 41 44 39 39 40 46 46 45 47 43 41 45 42 46 46 48 46 42 47 45 51 49 44 42 45 42 40 44 45 44 42 41 39 43 43 48 
5 40 42 42 48 41 0 42 45 44 40 40 40 39 44 43 40 41 44 42 43 44 42 43 44 45 44 45 41 44 42 41 45 41 41 42 45 46 44 43 42 45 44 43 46 41 45 40 40 43 39 45 
6 44 41 47 44 42 42 0 41 41 44 45 45 41 43 40 48 43 42 40 44 44 45 42 40 40 41 42 39 43 44 45 46 45 46 45 46 50 43 42 47 46 47 44 46 48 45 40 40 39 44 44 
7 46 46 44 48 44 45 41 0 40 46 47 44 44 45 42 47 49 45 47 51 45 47 42 39 40 42 44 41 42 46 47 45 43 49 47 46 46 46 45 53 48 46 47 40 47 48 43 44 40 46 46 
8 42 40 42 42 44 44 41 40 0 44 46 46 43 46 43 50 47 45 44 47 46 44 40 40 42 44 39 44 44 47 46 39 41 47 45 43 44 45 47 47 49 47 47 42 46 47 46 43 39 45 44 
9 42 42 41 43 44 40 44 46 44 0 40 40 42 50 45 42 39 42 44 46 42 40 42 46 50 46 46 46 44 41 39 45 41 42 39 43 44 42 39 41 47 46 45 48 43 42 45 43 44 39 39 
10 43 44 47 46 43 40 45 47 46 40 0 42 42 50 46 40 41 42 44 45 44 42 44 47 47 46 47 44 46 43 39 47 43 40 40 46 50 41 40 40 46 45 43 53 42 44 42 43 45 39 41 
11 40 44 40 42 42 40 45 44 46 40 42 0 40 45 43 46 40 42 42 45 42 41 41 43 48 44 47 40 42 41 42 43 39 43 41 43 44 42 39 43 47 45 44 46 43 43 40 45 42 40 44 
12 39 41 42 45 40 39 41 44 43 42 42 40 0 46 42 41 42 39 40 42 44 44 43 43 43 42 44 41 48 43 46 44 40 42 43 46 50 43 40 47 44 42 42 45 41 42 43 39 42 41 46 
13 43 49 51 49 40 44 43 45 46 50 50 45 46 0 41 44 47 42 40 40 49 48 46 48 46 40 46 44 48 52 51 47 45 46 48 50 51 43 45 47 41 39 42 45 42 44 43 45 44 49 47 
14 41 46 44 50 41 43 40 42 43 45 46 43 42 41 0 44 45 42 40 47 46 47 44 40 40 43 47 45 45 50 46 44 42 46 47 47 48 47 44 47 48 42 44 42 44 45 41 44 41 45 46 
15 42 44 44 47 41 40 48 47 50 42 40 46 41 44 44 0 43 40 42 46 46 44 45 46 46 48 47 47 47 45 42 47 43 40 43 47 52 39 45 42 44 42 41 48 39 39 42 41 49 41 43 
16 42 45 39 42 44 41 43 49 47 39 41 40 42 47 45 43 0 43 44 46 45 40 41 45 50 46 48 42 46 43 40 43 40 43 40 42 43 43 39 42 48 46 46 47 44 44 41 43 43 40 39 
17 41 47 44 46 39 44 42 45 45 42 42 42 39 42 42 40 43 0 40 41 46 45 44 44 44 42 50 42 46 45 47 46 46 42 44 47 48 42 42 47 46 41 40 50 39 41 41 39 44 42 44 
18 44 43 44 46 39 42 40 47 44 44 44 42 40 40 40 42 44 40 0 41 46 50 48 42 42 44 48 45 45 46 45 45 46 44 46 47 48 41 43 46 43 41 46 44 42 43 41 39 42 47 45 
19 43 46 47 49 40 43 44 51 47 46 45 45 42 40 47 46 46 41 41 0 49 48 47 49 45 42 48 45 49 48 46 52 45 44 47 54 55 42 45 46 40 39 43 51 41 42 44 42 46 45 47 
20 44 41 40 39 46 44 44 45 46 42 44 42 44 49 46 46 45 46 46 49 0 41 40 45 47 47 43 43 41 40 43 42 42 47 42 43 40 46 42 49 51 49 52 47 47 47 43 49 44 47 42 
21 44 46 40 46 46 42 45 47 44 40 42 41 44 48 47 44 40 45 50 48 41 0 42 46 47 48 46 44 47 43 40 44 46 44 39 42 43 44 41 43 50 52 47 53 45 45 43 45 45 41 39 
22 41 43 40 44 45 43 42 42 40 42 44 41 43 46 44 45 41 44 48 47 40 42 0 42 44 49 45 40 40 41 44 40 40 46 43 41 42 44 42 46 49 51 47 44 46 46 41 43 41 43 46 
23 42 42 44 44 47 44 40 39 40 46 47 43 43 48 40 46 45 44 42 49 45 46 42 0 43 42 40 41 43 45 47 42 42 48 47 46 46 45 44 52 47 45 46 40 46 47 42 42 39 46 46 
24 46 43 45 46 43 45 40 40 42 50 47 48 43 46 40 46 50 44 42 45 47 47 44 43 0 40 42 42 45 47 51 44 43 48 52 48 48 45 45 49 46 44 46 40 46 47 43 42 41 46 47 
25 42 44 46 51 41 44 41 42 44 46 46 44 42 40 43 48 46 42 44 42 47 48 49 42 40 0 48 42 46 47 51 46 44 46 47 49 49 43 45 52 44 42 43 42 44 45 46 41 42 45 47 
26 43 41 47 42 45 45 42 44 39 46 47 47 44 46 47 47 48 50 48 48 43 46 45 40 42 48 0 41 41 44 47 40 42 49 50 44 44 46 44 49 49 47 48 42 47 48 43 44 40 50 45 
27 39 39 41 43 42 41 39 41 44 46 44 40 41 44 45 47 42 42 45 45 43 44 40 41 42 42 41 0 42 43 44 42 39 45 44 44 45 42 45 46 50 44 45 43 44 45 39 41 39 42 43 
28 43 41 41 39 46 44 43 42 44 44 46 42 48 48 45 47 46 46 45 49 41 47 40 43 45 46 41 42 0 42 45 39 42 48 45 41 45 46 44 47 51 48 49 45 47 48 43 45 42 49 44 
29 43 45 39 41 46 42 44 46 47 41 43 41 43 52 50 45 43 45 46 48 40 43 41 45 47 47 44 43 42 0 42 47 41 45 40 40 42 44 45 44 50 48 47 48 46 45 46 44 48 42 40 
30 43 44 46 48 48 41 45 47 46 39 39 42 46 51 46 42 40 47 45 46 43 40 44 47 51 51 47 44 45 42 0 50 43 45 39 44 45 42 40 40 48 47 45 49 43 42 43 44 46 40 40 
31 43 41 42 40 46 45 46 45 39 45 47 43 44 47 44 47 43 46 45 52 42 44 40 42 44 46 40 42 39 47 50 0 42 48 46 42 42 46 44 48 50 48 49 44 47 48 43 45 45 45 44 
32 40 39 44 42 42 41 45 43 41 41 43 39 40 45 42 43 40 46 46 45 42 46 40 42 43 44 42 39 42 41 43 42 0 48 42 47 44 42 44 44 47 49 45 44 44 44 39 41 40 41 41 
33 44 45 45 47 47 41 46 49 47 42 40 43 42 46 46 40 43 42 44 44 47 44 46 48 48 46 49 45 48 45 45 48 48 0 43 51 49 41 42 40 45 44 42 54 41 39 44 47 50 41 43 
34 43 43 41 44 45 42 45 47 45 39 40 41 43 48 47 43 40 44 46 47 42 39 43 47 52 47 50 44 45 40 39 46 42 43 0 43 44 43 41 41 53 47 46 49 44 43 43 44 45 40 39 
35 45 43 41 40 51 45 46 46 43 43 46 43 46 50 47 47 42 47 47 54 43 42 41 46 48 49 44 44 41 40 44 42 47 51 43 0 39 47 47 46 52 50 50 48 52 52 48 46 44 48 42 
36 46 43 42 40 49 46 50 46 44 44 50 44 50 51 48 52 43 48 48 55 40 43 42 46 48 49 44 45 45 42 45 42 44 49 44 39 0 48 45 47 57 51 55 48 53 49 46 47 45 46 44 
37 41 43 43 46 44 44 43 46 45 42 41 42 43 43 47 39 43 42 41 42 46 44 44 45 45 43 46 42 46 44 42 46 42 41 43 47 48 0 41 43 43 42 41 47 39 40 41 40 44 41 47 
38 40 41 40 43 42 43 42 45 47 39 40 39 40 45 44 45 39 42 43 45 42 41 42 44 45 45 44 45 44 45 40 44 44 42 41 47 45 41 0 42 47 45 44 47 42 42 40 41 43 39 40 
39 45 46 44 47 45 42 47 53 47 41 40 43 47 47 47 42 42 47 46 46 49 43 46 52 49 52 49 46 47 44 40 48 44 40 41 46 47 43 42 0 51 47 45 51 43 41 44 45 47 41 42 
40 45 48 53 51 42 45 46 48 49 47 46 47 44 41 48 44 48 46 43 40 51 50 49 47 46 44 49 50 51 50 48 50 47 45 53 52 57 43 47 51 0 40 41 48 42 44 45 44 51 46 48 
41 43 46 47 49 40 44 47 46 47 46 45 45 42 39 42 42 46 41 41 39 49 52 51 45 44 42 47 44 48 48 47 48 49 44 47 50 51 42 45 47 40 0 44 46 41 47 43 42 45 45 47 
42 43 46 46 49 44 43 44 47 47 45 43 44 42 42 44 41 46 40 46 43 52 47 47 46 46 43 48 45 49 47 45 49 45 42 46 50 55 41 44 45 41 44 0 52 40 45 43 42 46 44 46 
43 44 44 46 46 45 46 46 40 42 48 53 46 45 45 42 48 47 50 44 51 47 53 44 40 40 42 42 43 45 48 49 44 44 54 49 48 48 47 47 51 48 46 52 0 48 49 48 48 42 52 52 
44 42 44 45 47 44 41 48 47 46 43 42 43 41 42 44 39 44 39 42 41 47 45 46 46 46 44 47 44 47 46 43 47 44 41 44 52 53 39 42 43 42 41 40 48 0 43 46 41 45 42 48 
45 43 45 45 51 42 45 45 48 47 42 44 43 42 44 45 39 44 41 43 42 47 45 46 47 47 45 48 45 48 45 42 48 44 39 43 52 49 40 42 41 44 47 45 49 43 0 43 46 46 41 43 
46 42 40 45 44 41 40 40 43 46 45 42 40 43 43 41 42 41 41 41 44 43 43 41 42 43 46 43 39 43 46 43 43 39 44 43 48 46 41 40 44 45 43 43 48 46 43 0 39 41 41 42 
47 39 42 43 45 39 40 40 44 43 43 43 45 39 45 44 41 43 39 39 42 49 45 43 42 42 41 44 41 45 44 44 45 41 47 44 46 47 40 41 45 44 42 42 48 41 46 39 0 42 42 43 
48 40 40 42 43 43 43 39 40 39 44 45 42 42 44 41 49 43 44 42 46 44 45 41 39 41 42 40 39 42 48 46 45 40 50 45 44 45 44 43 47 51 45 46 42 45 46 41 42 0 44 44 
49 42 42 42 48 43 39 44 46 45 39 39 40 41 49 45 41 40 42 47 45 47 41 43 46 46 45 50 42 49 42 40 45 41 41 40 48 46 41 39 41 46 45 44 52 42 41 41 42 44 0 40 
50 42 42 40 43 48 45 44 46 44 39 41 44 46 47 46 43 39 44 45 47 42 39 46 46 47 47 45 43 44 40 40 44 41 43 39 42 44 47 40 42 48 47 46 52 48 43 42 43 44 40 0 

;param d[*,*]
: 0 1 2 3 4 5 6 7 8 9 10 11 12 13 14 15 16 17 18 19 20 21 22 23 24 25 26 27 28 29 30 31 32 33 34 35 36 37 38 39 40 41 42 43 44 45 46 47 48 49 50:=
0 0.0 0 0 0 0.66 0.23 0 0 2.79 0 1.09 0.2 0.31 2.73 0.7 2.26 0 1.6 0 0 0.53 1.97 1.23 0.86 0 2.16 0.47 0.49 3.67 0 0 1.79 0.39 2.09 0.52 3.67 4.05 1.69 0.59 0 2.59 1.17 2.92 1.33 0 0 0 0 1.41 0 0 
1 0 0.0 0.2 1.79 0.52 0.37 0.99 0 1.39 0 0 0 1.23 0 0 0.6 0 0 0.45 4.23 0.33 0 0 1.98 1.79 4.18 2.28 0.13 0.63 0 0 0.28 0.1 2.59 1.85 0 2.92 2.82 0.3 0 5.27 1.72 0.73 4.31 3.48 0 0.8 2.16 0.74 1.6 0.4 
2 0 0.2 0.0 0 3.48 0 0 4.31 0.86 0.99 0 0.39 2.26 0 2.28 2.16 0.49 1.33 0.58 1.96 1.13 0 1.27 2.03 5.19 0.72 0 1.79 1.69 0.55 0 0.9 0 2.4 0.33 1.79 0.4 0.52 0.86 0 0 0.83 2.96 0.77 2.34 2.46 0 1.79 1.48 0.35 0 
3 0 1.79 0 0.0 0 0 1.37 0 2.66 0.52 4.05 0.98 2.34 0 0 3.08 0.38 4.52 5.83 2.5 0.12 0 0 0 0.75 0 3.17 2.54 1.14 1.6 0 0.92 1.36 3.33 1.25 0.39 1.13 0.77 0 0 0 1.05 3.82 4.42 4.99 0 0.53 2.53 0.47 0 1.66 
4 0.66 0.52 3.48 0 0.0 0.33 0.35 3.48 0.62 1.97 0 0.43 1.13 0 1.05 0.3 2.16 0.27 0.66 0.23 4.52 1.72 4.81 0 0.47 0.28 5.32 2.26 5.95 4.05 0 5.83 0 0 3.86 0 1.0 0 2.45 3.76 1.54 1.22 0 1.56 0 0 0 0.27 1.79 1.09 0 
5 0.23 0.37 0 0 0.33 0.0 2.35 1.56 3.11 0.74 1.32 0 0.85 0.58 0.5 0 1.51 0 0 0 3.01 2.35 3.42 1.41 1.49 0 2.46 0 3.48 1.54 1.69 1.52 0.99 1.88 0.82 0 2.77 0 0 0 3.95 1.97 2.54 1.88 0.3 0 0 0 2.73 0.13 0 
6 0 0.99 0 1.37 0.35 2.35 0.0 0.27 1.11 1.33 4.94 0 1.11 0.45 1.27 0 0 0.94 0.86 2.09 0.62 0 0.38 1.39 0.22 0.27 0.82 0.35 1.13 4.69 2.59 0 0 5.57 0.7 1.72 0 2.54 0 3.02 2.71 0 4.69 0 0 2.53 0.22 1.41 1.01 2.03 2.22 
7 0 0 4.31 0 3.48 1.56 0.27 0.0 1.77 2.83 2.11 3.11 0 1.52 0.35 4.71 0 1.6 0 0 3.76 1.92 3.17 0.76 0.23 0.43 0 1.79 2.45 0.72 3.33 0 2.54 2.35 0 2.77 4.33 4.05 0.65 0 7.35 1.8 0.89 0.2 4.61 0 0.47 3.01 1.04 1.8 0.77 
8 2.79 1.39 0.86 2.66 0.62 3.11 1.11 1.77 0.0 2.16 0.75 0 1.85 1.76 1.66 0 0 1.52 1.25 4.89 0 0.6 0.74 1.9 0.42 3.11 0.66 0 0 0 5.57 0.15 2.15 3.33 3.86 2.92 1.25 1.56 0 6.84 3.76 1.92 3.2 1.6 1.84 4.89 0 3.8 1.14 0.63 2.16 
9 0 0 0.99 0.52 1.97 0.74 1.33 2.83 2.16 0.0 0 0 0 0 2.53 0.9 0.31 2.45 0 2.65 0 0 3.29 0 0 0 5.45 0 1.37 0.99 0 4.94 1.17 0.9 0.15 0 0 2.07 0.43 1.17 3.33 1.72 0 0 2.63 1.6 0 0 0.57 0.37 0.08 
10 1.09 0 0 4.05 0 1.32 4.94 2.11 0.75 0 0.0 0 2.07 0 1.72 0.59 0 0.4 2.22 2.34 1.45 0.38 4.69 3.08 3.26 2.9 0.87 0 5.83 1.66 0.35 1.96 1.72 0.47 0 0.72 0 1.17 0.92 0.62 0 0.68 0.52 0 0.82 0 0 0.47 0 0 0.27 
11 0.2 0 0.39 0.98 0.43 0 0 3.11 0 0 0 0.0 0.23 0.67 1.17 0 0.62 0 3.29 2.46 2.07 0 2.03 1.85 0 1.37 0 0.22 2.45 0 1.29 1.72 0.37 1.91 1.23 2.73 0 0.35 0 1.21 1.96 0.67 0.62 2.65 1.72 1.91 0.17 0 0.37 0.55 0 
12 0.31 1.23 2.26 2.34 1.13 0.85 1.11 0 1.85 0 2.07 0.23 0.0 0 1.29 0.99 1.36 0.35 1.32 1.02 0 1.97 0.45 0 2.82 2.26 2.22 1.51 0 2.92 0 1.45 0.25 1.02 1.85 1.68 0 0 0.55 0 0 1.54 1.48 3.86 0.28 0.9 0 0.56 0 0 0 
13 2.73 0 0 0 0 0.58 0.45 1.52 1.76 0 0 0.67 0 0.0 2.28 3.01 3.02 0 0.86 0.55 2.39 0.99 2.96 0 0 0.8 6.08 3.11 5.27 0 0 6.84 0 0 0 1.14 2.82 1.66 0.68 0 1.17 0.15 0 3.67 1.6 1.45 0 0 3.39 0 0.87 
14 0.7 0 2.28 0 1.05 0.5 1.27 0.35 1.66 2.53 1.72 1.17 1.29 2.28 0.0 3.29 1.56 0.4 1.27 0 1.84 3.08 4.18 0.59 0.94 0 0 0 3.67 0 0 4.56 2.45 5.83 3.02 5.08 7.22 0 0 2.11 0 0.98 3.11 2.16 1.97 5.19 2.53 0 0.7 0 0.73 
15 2.26 0.6 2.16 3.08 0.3 0 0 4.71 0 0.9 0.59 0 0.99 3.01 3.29 0.0 0.48 0.18 0.98 0 4.33 0 1.6 1.76 1.76 0 6.59 0 1.99 0 2.26 0.89 2.82 0.43 2.82 4.99 0 0.12 0 1.42 0.53 2.45 0.99 5.36 0.37 0.56 1.42 1.79 0 0.99 2.73 
16 0 0 0.49 0.38 2.16 1.51 0 0 0 0.31 0 0.62 1.36 3.02 1.56 0.48 0.0 2.82 1.37 2.96 0 0.62 0.7 0 0 1.76 0 1.42 0 0 0.92 2.92 0.55 1.21 0.74 0.94 0.5 1.06 0.35 0 0 0 0 3.2 0 1.29 0.33 0.47 1.85 0.22 0.31 
17 1.6 0 1.33 4.52 0.27 0 0.94 1.6 1.52 2.45 0.4 0 0.35 0 0.4 0.18 2.82 0.0 1.32 0.28 0 0 3.48 0 3.2 2.35 0 0 2.83 0.65 0 2.9 0 0 0.58 4.99 0.97 0 1.98 0 0 0.3 1.32 0 0 0 0.99 0.35 0 1.29 3.01 
18 0 0.45 0.58 5.83 0.66 0 0.86 0 1.25 0 2.22 3.29 1.32 0.86 1.27 0.98 1.37 1.32 0.0 1.88 5.95 0 0 3.04 1.98 0 0 0 3.95 4.05 2.53 5.19 0 2.28 0.73 2.11 5.46 0 0 0.75 2.73 2.15 0 0.55 2.07 3.93 0.27 0.49 0.9 0 0.65 
19 0 4.23 1.96 2.5 0.23 0 2.09 0 4.89 2.65 2.34 2.46 1.02 0.55 0 0 2.96 0.28 1.88 0.0 1.04 2.19 0.87 0 4.94 1.54 3.45 3.58 1.02 2.23 0 0 0 0.55 0 0 0 0 1.49 0 0.39 0 0 0 1.6 0 0.53 1.36 4.05 0 0 
20 0.53 0.33 1.13 0.12 4.52 3.01 0.62 3.76 0 0 1.45 2.07 0 2.39 1.84 4.33 0 0 5.95 1.04 0.0 0.63 0.25 3.86 0.82 6.72 3.93 2.63 1.51 0.39 0 1.36 2.07 1.92 0.98 0 0 2.65 0.98 0 4.5 2.42 0 4.89 0.83 0 1.21 0 0.53 0 0 
21 1.97 0 0 0 1.72 2.35 0 1.92 0.6 0 0.38 0 1.97 0.99 3.08 0 0.62 0 0 2.19 0.63 0.0 0.98 0 0 0.92 4.05 1.25 0 0 0 0.6 0 2.16 0.55 1.29 0 0 1.11 1.66 0 0 0 0 0.68 0 1.17 1.49 0.65 0 0.12 
22 1.23 0 1.27 0 4.81 3.42 0.38 3.17 0.74 3.29 4.69 2.03 0.45 2.96 4.18 1.6 0.7 3.48 0 0.87 0.25 0.98 0.0 3.29 0.57 0 0 1.9 0.17 1.11 4.31 0.8 1.04 1.84 2.82 0.78 0.94 3.39 0.37 1.76 5.93 0 3.14 2.28 1.68 2.9 0.78 2.82 2.15 0.48 0 
23 0.86 1.98 2.03 0 0 1.41 1.39 0.76 1.9 0 3.08 1.85 0 0 0.59 1.76 0 0 3.04 0 3.86 0 3.29 0.0 0 1.29 0.25 2.03 1.09 3.95 3.14 3.04 1.48 0 1.99 4.33 0.8 0.63 0.6 0 0.87 3.76 4.42 0.8 2.71 3.2 3.04 2.45 0.85 2.65 1.72 
24 0 1.79 5.19 0.75 0.47 1.49 0.22 0.23 0.42 0 3.26 0 2.82 0 0.94 1.76 0 3.2 1.98 4.94 0.82 0 0.57 0 0.0 0.23 1.48 2.79 4.81 0.83 0 1.29 1.17 0 0 5.18 2.23 1.49 2.46 1.05 4.33 1.37 4.05 1.13 0 0.87 3.42 1.6 0.28 2.83 3.08 
25 2.16 4.18 0.72 0 0.28 0 0.27 0.43 3.11 0 2.9 1.37 2.26 0.8 0 0 1.76 2.35 0 1.54 6.72 0.92 0 1.29 0.23 0.0 0 0.42 0.77 6.46 0 2.65 1.25 2.96 3.33 3.7 2.5 2.73 0 0 4.05 1.29 0.52 0.43 0.53 1.64 0 0 3.04 2.59 0 
26 0.47 2.28 0 3.17 5.32 2.46 0.82 0 0.66 5.45 0.87 0 2.22 6.08 0 6.59 0 0 0 3.45 3.93 4.05 0 0.25 1.48 0 0.0 0.78 2.03 3.39 6.46 0.39 0.4 3.76 0 3.29 1.41 4.33 3.48 5.74 8.24 2.07 3.57 2.79 6.72 7.48 1.79 4.56 0.8 0 5.32 
27 0.49 0.13 1.79 2.54 2.26 0 0.35 1.79 0 0 0 0.22 1.51 3.11 0 0 1.42 0 0 3.58 2.63 1.25 1.9 2.03 2.79 0.42 0.78 0.0 2.91 2.63 0 2.79 0.13 0 2.09 1.37 3.67 2.45 0 1.68 0 0 0 1.13 1.29 2.4 0.35 1.51 0.75 0.43 0 
28 3.67 0.63 1.69 1.14 5.95 3.48 1.13 2.45 0 1.37 5.83 2.45 0 5.27 3.67 1.99 0 2.83 3.95 1.02 1.51 0 0.17 1.09 4.81 0.77 2.03 2.91 0.0 2.26 2.59 0.76 0.35 2.23 0.63 1.79 0 0.77 1.25 2.11 1.19 0.99 1.02 1.49 6.72 5.36 3.8 2.4 1.98 0 3.01 
29 0 0 0.55 1.6 4.05 1.54 4.69 0.72 0 0.99 1.66 0 2.92 0 0 0 0 0.65 4.05 2.23 0.39 0 1.11 3.95 0.83 6.46 3.39 2.63 2.26 0.0 0.82 0 0.78 0 0.59 1.41 0 0 0 0 2.62 3.51 0.89 3.39 0 3.95 0 2.22 0 0.86 0.43 
30 0 0 0 0 0 1.69 2.59 3.33 5.57 0 0.35 1.29 0 0 0 2.26 0.92 0 2.53 0 0 0 4.31 3.14 0 0 6.46 0 2.59 0.82 0.0 0 1.06 0 0.23 1.41 1.64 1.02 0.25 0.47 0 0 0.67 0 1.85 0 0 1.29 1.68 0 0.17 
31 1.79 0.28 0.9 0.92 5.83 1.52 0 0 0.15 4.94 1.96 1.72 1.45 6.84 4.56 0.89 2.92 2.9 5.19 0 1.36 0.6 0.8 3.04 1.29 2.65 0.39 2.79 0.76 0 0 0.0 1.42 5.55 0.72 2.35 1.02 0.78 3.2 0.97 8.87 3.57 2.39 3.01 2.11 2.31 0.5 3.58 0 0.7 2.28 
32 0.39 0.1 0 1.36 0 0.99 0 2.54 2.15 1.17 1.72 0.37 0.25 0 2.45 2.82 0.55 0 0 0 2.07 0 1.04 1.48 1.17 1.25 0.4 0.13 0.35 0.78 1.06 1.42 0.0 0 0.43 0 0 0.4 0 2.28 3.14 0 0.65 4.69 1.25 0 0.85 1.79 1.9 0 0 
33 2.09 2.59 2.4 3.33 0 1.88 5.57 2.35 3.33 0.9 0.47 1.91 1.02 0 5.83 0.43 1.21 0 2.28 0.55 1.92 2.16 1.84 0 0 2.96 3.76 0 2.23 0 0 5.55 0 0.0 0 0 5.74 1.69 0 0.22 2.53 2.22 1.54 0 0 0.27 0 0 0 0 1.72 
34 0.52 1.85 0.33 1.25 3.86 0.82 0.7 0 3.86 0.15 0 1.23 1.85 0 3.02 2.82 0.74 0.58 0.73 0 0.98 0.55 2.82 1.99 0 3.33 0 2.09 0.63 0.59 0.23 0.72 0.43 0 0.0 0 0 0 0.63 0.7 0 0.89 1.8 2.5 1.37 0.52 1.13 3.39 1.64 0.8 0.37 
35 3.67 0 1.79 0.39 0 0 1.72 2.77 2.92 0 0.72 2.73 1.68 1.14 5.08 4.99 0.94 4.99 2.11 0 0 1.29 0.78 4.33 5.18 3.7 3.29 1.37 1.79 1.41 1.41 2.35 0 0 0 0.0 0.37 1.96 0 4.52 4.93 4.25 1.12 5.36 0 0 0 0.8 1.45 0 0.43 
36 4.05 2.92 0.4 1.13 1.0 2.77 0 4.33 1.25 0 0 0 0 2.82 7.22 0 0.5 0.97 5.46 0 0 0 0.94 0.8 2.23 2.5 1.41 3.67 0 0 1.64 1.02 0 5.74 0 0.37 0.0 0.94 2.34 3.33 0 1.24 0 3.57 0 5.93 0 4.99 3.76 2.65 0 
37 1.69 2.82 0.52 0.77 0 0 2.54 4.05 1.56 2.07 1.17 0.35 0 1.66 0 0.12 1.06 0 0 0 2.65 0 3.39 0.63 1.49 2.73 4.33 2.45 0.77 0 1.02 0.78 0.4 1.69 0 1.96 0.94 0.0 1.69 0.45 1.21 0.37 0 0 0.43 0.8 1.05 0 3.11 1.6 0 
38 0.59 0.3 0.86 0 2.45 0 0 0.65 0 0.43 0.92 0 0.55 0.68 0 0 0.35 1.98 0 1.49 0.98 1.11 0.37 0.6 2.46 0 3.48 0 1.25 0 0.25 3.2 0 0 0.63 0 2.34 1.69 0.0 0 3.02 0 2.09 3.02 1.54 1.54 0 0.78 0 0.43 0.43 
39 0 0 0 0 3.76 0 3.02 0 6.84 1.17 0.62 1.21 0 0 2.11 1.42 0 0 0.75 0 0 1.66 1.76 0 1.05 0 5.74 1.68 2.11 0 0.47 0.97 2.28 0.22 0.7 4.52 3.33 0.45 0 0.0 0 0.82 2.34 0 1.79 1.23 0 0 3.2 0 1.36 
40 2.59 5.27 0 0 1.54 3.95 2.71 7.35 3.76 3.33 0 1.96 0 1.17 0 0.53 0 0 2.73 0.39 4.5 0 5.93 0.87 4.33 4.05 8.24 0 1.19 2.62 0 8.87 3.14 2.53 0 4.93 0 1.21 3.02 0 0.0 0.74 0 3.57 0.43 1.33 3.95 1.97 0 2.96 3.63 
41 1.17 1.72 0.83 1.05 1.22 1.97 0 1.8 1.92 1.72 0.68 0.67 1.54 0.15 0.98 2.45 0 0.3 2.15 0 2.42 0 0 3.76 1.37 1.29 2.07 0 0.99 3.51 0 3.57 0 2.22 0.89 4.25 1.24 0.37 0 0.82 0.74 0.0 0 1.84 0.78 0 0 1.98 3.76 0 0.83 
42 2.92 0.73 2.96 3.82 0 2.54 4.69 0.89 3.2 0 0.52 0.62 1.48 0 3.11 0.99 0 1.32 0 0 0 0 3.14 4.42 4.05 0.52 3.57 0 1.02 0.89 0.67 2.39 0.65 1.54 1.8 1.12 0 0 2.09 2.34 0 0 0.0 0 0 0 2.92 0.86 5.7 1.97 0 
43 1.33 4.31 0.77 4.42 1.56 1.88 0 0.2 1.6 0 0 2.65 3.86 3.67 2.16 5.36 3.2 0 0.55 0 4.89 0 2.28 0.8 1.13 0.43 2.79 1.13 1.49 3.39 0 3.01 4.69 0 2.5 5.36 3.57 0 3.02 0 3.57 1.84 0 0.0 0.92 3.88 0 0 2.66 0 0 
44 0 3.48 2.34 4.99 0 0.3 0 4.61 1.84 2.63 0.82 1.72 0.28 1.6 1.97 0.37 0 0 2.07 1.6 0.83 0.68 1.68 2.71 0 0.53 6.72 1.29 6.72 0 1.85 2.11 1.25 0 1.37 0 0 0.43 1.54 1.79 0.43 0.78 0 0.92 0.0 0 0 0.66 0.67 2.07 0 
45 0 0 2.46 0 0 0 2.53 0 4.89 1.6 0 1.91 0.9 1.45 5.19 0.56 1.29 0 3.93 0 0 0 2.9 3.2 0.87 1.64 7.48 2.4 5.36 3.95 0 2.31 0 0.27 0.52 0 5.93 0.8 1.54 1.23 1.33 0 0 3.88 0 0.0 1.13 0 0 1.23 0 
46 0 0.8 0 0.53 0 0 0.22 0.47 0 0 0 0.17 0 0 2.53 1.42 0.33 0.99 0.27 0.53 1.21 1.17 0.78 3.04 3.42 0 1.79 0.35 3.8 0 0 0.5 0.85 0 1.13 0 0 1.05 0 0 3.95 0 2.92 0 0 1.13 0.0 0.85 1.6 0.74 0.4 
47 0 2.16 1.79 2.53 0.27 0 1.41 3.01 3.8 0 0.47 0 0.56 0 0 1.79 0.47 0.35 0.49 1.36 0 1.49 2.82 2.45 1.6 0 4.56 1.51 2.4 2.22 1.29 3.58 1.79 0 3.39 0.8 4.99 0 0.78 0 1.97 1.98 0.86 0 0.66 0 0.85 0.0 0 2.16 1.91 
48 1.41 0.74 1.48 0.47 1.79 2.73 1.01 1.04 1.14 0.57 0 0.37 0 3.39 0.7 0 1.85 0 0.9 4.05 0.53 0.65 2.15 0.85 0.28 3.04 0.8 0.75 1.98 0 1.68 0 1.9 0 1.64 1.45 3.76 3.11 0 3.2 0 3.76 5.7 2.66 0.67 0 1.6 0 0.0 0.58 2.16 
49 0 1.6 0.35 0 1.09 0.13 2.03 1.8 0.63 0.37 0 0.55 0 0 0 0.99 0.22 1.29 0 0 0 0 0.48 2.65 2.83 2.59 0 0.43 0 0.86 0 0.7 0 0 0.8 0 2.65 1.6 0.43 0 2.96 0 1.97 0 2.07 1.23 0.74 2.16 0.58 0.0 0.74 
50 0 0.4 0 1.66 0 0 2.22 0.77 2.16 0.08 0.27 0 0 0.87 0.73 2.73 0.31 3.01 0.65 0 0 0.12 0 1.72 3.08 0 5.32 0 3.01 0.43 0.17 2.28 0 1.72 0.37 0.43 0 0 0.43 1.36 3.63 0.83 0 0 0 0 0.4 1.91 2.16 0.74 0.0 

;