TYPE GCVRP
DIMENSION 13
CAPACITY 6000
NUMBER_OF_VEHICLES 4
EDGE_WEIGHT_SECTION
0 2037 47 48 54 65 51 69 57 55 69 7861 47
2037 0 51 51 57 65 53 11371 96 65 91 70 7263
47 51 0 49 62 43 71 42 84 65 6482 41 42
48 51 49 0 58 43 54 46 66 78 57 3111 41
54 57 62 58 0 52 10375 64 57 13404 53 48 50
65 65 43 43 52 0 61 6464 46 10934 46 49 47
51 53 71 54 10375 61 0 5815 5905 50 54 5593 44
69 11371 42 46 64 6464 5815 0 58 57 47 58 43
57 96 84 66 57 46 5905 58 0 7022 4927 45 5625
55 65 65 78 13404 10934 50 57 7022 0 63 50 45
69 91 6482 57 53 46 54 47 4927 63 0 44 44
7861 70 41 3111 48 49 5593 58 45 50 44 0 43
47 7263 42 41 50 47 44 43 5625 45 44 43 0
TYPE_OF_ARC
-1 0 0 0 1 1 0 0 2 0 2 1 1
0 -1 1 2 1 1 1 0 2 1 1 0 2
0 1 -1 0 2 0 0 2 1 2 0 1 2
0 2 0 -1 0 0 0 0 2 1 2 1 1
1 1 2 0 -1 1 1 2 0 2 0 1 2
1 1 0 0 1 -1 2 1 1 1 2 0 2
0 1 0 0 1 2 -1 0 1 2 2 0 1
0 0 2 0 2 1 0 -1 2 2 1 1 0
2 2 1 2 0 1 1 2 -1 1 0 0 1
0 1 2 1 2 1 2 2 1 -1 1 1 0
2 1 0 2 0 2 2 1 0 1 -1 0 2
1 0 1 1 1 0 0 1 0 1 0 -1 1
1 2 2 1 2 2 1 0 1 0 2 1 -1
CONDITION_OF_ARC
-1 5 0 1 1 0 3 3 2 3 3 5 2
5 -1 0 1 2 2 0 5 4 3 4 4 5
0 0 -1 2 2 0 4 2 4 0 5 2 2
1 1 2 -1 0 2 2 2 2 4 2 5 1
1 2 2 0 -1 0 5 4 1 5 0 0 3
0 2 0 2 0 -1 1 5 0 5 0 3 1
3 0 4 2 5 1 -1 5 5 2 4 5 2
3 5 2 2 4 5 5 -1 0 0 2 3 2
2 4 4 2 1 0 5 0 -1 5 5 0 5
3 3 0 4 5 5 2 0 5 -1 4 3 0
3 4 5 2 0 0 4 2 5 4 -1 3 1
5 4 2 5 0 3 5 3 0 3 3 -1 1
2 5 2 1 3 1 2 2 5 0 1 1 -1
DISTANCE
0 9.0 14.0 23.0 32.0 50.0 21.0 49.0 30.0 27.0 35.0 28.0 18.0
9.0 0.0 21.0 22.0 36.0 52.0 24.0 51.0 36.0 37.0 41.0 30.0 20.0
14.0 21.0 0.0 25.0 38.0 5.0 31.0 7.0 36.0 43.0 29.0 7.0 6.0
23.0 22.0 25.0 0.0 42.0 12.0 35.0 17.0 44.0 31.0 31.0 11.0 6.0
32.0 36.0 38.0 42.0 0.0 22.0 37.0 16.0 46.0 37.0 29.0 13.0 14.0
50.0 52.0 5.0 12.0 22.0 0.0 41.0 23.0 10.0 39.0 9.0 17.0 16.0
21.0 24.0 31.0 35.0 37.0 41.0 0.0 26.0 21.0 19.0 10.0 25.0 12.0
49.0 51.0 7.0 17.0 16.0 23.0 26.0 0.0 30.0 28.0 16.0 27.0 12.0
30.0 36.0 36.0 44.0 46.0 10.0 21.0 30.0 0.0 25.0 22.0 10.0 20.0
27.0 37.0 43.0 31.0 37.0 39.0 19.0 28.0 25.0 0.0 20.0 16.0 8.0
35.0 41.0 29.0 31.0 29.0 9.0 10.0 16.0 22.0 20.0 0.0 10.0 10.0
28.0 30.0 7.0 11.0 13.0 17.0 25.0 27.0 10.0 16.0 10.0 0.0 10.0
18.0 20.0 6.0 6.0 14.0 16.0 12.0 12.0 20.0 8.0 10.0 10.0 0.0
DAMAGES
0.1 0.1 0.1
0.1 0.25 0.25
0.1 0.25 0.25
0.1 0.25 0.5
0.1 0.25 0.5
0.1 0.5 0.75
DEMAND_SECTION
1 0
2 1200
3 1700
4 1500
5 1400
6 1700
7 1400
8 1200
9 1900
10 1800
11 1600
12 1700
13 1100
