TYPE GCVRP
DIMENSION 76
CAPACITY 220
NUMBER_OF_VEHICLES 7
EDGE_WEIGHT_SECTION
0 187655 155343 165333 162861 92806698 157993 41412175 180188 67943447 124765772 107633160 167197 105592778 183773 129559021 175408 150968 184299 67943447 180432 175708 111339776 208187 97422638 158318513 147323 160628 115179275 159352 52033926 181519 178545 161836 165998 176319 158318513 182078 169564 81686851 156523 133579469 172698258 187954 166597 41412175 155217 180755 169632 176713 170380 153262 52033926 180936 185413 183411 191421 180961 178386 182604 195678 229437 105592778 167873 193230 187954 190451 160770 151221 137286085 121005990 188400 193149 169632 59099690 146871
187655 0 52033926 170612 96513313 122459623 159520 190621 191871252 183423 194804 207906 178741 123953909 194438 227602 159010 165367 208048 225423992 163232393 170390 157993 168089 195242 201457749 143938767 129872854 161135 172610 175906 195440 173654 151501 226845 186173 163111761 203381 249176 112162233 139145518 165039 152176 148952 124765772 177977 185901 134352269 96513313 170711 214659 176319 198481 244861 193472 203057 158002 221025 231917 209774 257948 77980235 150968 23724661 160089 162276857 179964372 143938767 160355 187542 135745585 191885 189607 18674386 170711 167488
155343 52033926 0 70891366 57660291 56151771 151424 173911 197400 194786 183043 188038 182146 191363 184778 172703 86419783 161796 194330 126166238 182078 162551 160628 195242 195214 183411 59099690 96006280 165998 76833286 148612 204027 171382 167085 70567004 143938767 89100082 178129 190815 100370557 166350 181682 171886 62047609 96513313 158213 162360 169078 48327311 178129 177397 167263 180240 193182 163111761 196732 143938767 176326 189458 213254 179345 184456 149328 59447158 139145518 199914 222983 164241 154285 180755 126166238 191323 178258 154054 162330 153262
165333 170612 70891366 0 180755 185130 170970 170380 163111761 161135 213885 196319 157610 219171 196269 208637 151089 169393 76833286 152112546 200298549 115110152 94474719 173967 171511 173967 96006280 167905010 182078 200115 85630962 118753007 150968 159520 139145518 178258 265724 181765471 212501 158350 151742 177977 148732015 124765772 14521055 174697 111339776 199371 208048 152785 57660291 37207464 195214 178871 220630744 129559021 195242 207868 89100082 209912 268592 208281 185553 169116 194330 112162233 188260 171655 169632 193477 215125011 213049 74273620 180240 180804 166597
162861 96513313 57660291 180755 0 166799 168089 160419 167263 179530 172385 174998 187965 162804 211293 169632 180636 173669 247580 77980235 139145518 178545 139145518 204341 140992700 148405931 155323 167228 168064 155323 26672580 205174 177977 176532 149761 160089 96513313 172919 178741 139145518 179781 177491507 177397 122459623 79735124 162330 26672580 169632 67246789 178870 106266395 160628 150330 89100082 163362 203057 118058071 177499 119972524 239804 187175 88578881 164130 172919 209915 167905010 140992700 162330 162330 91526800 196848 97422638 189509 62047609 169116 24107551
92806698 122459623 56151771 185130 166799 0 124765772 175455 169764 205730 230217241 224732 197094 175826 183423 156139 188449 186572 199450 193217 169393 162544 216477 201547 255648 248833 172824 41412175 163043 151109 62453540 218277 170645624 190169 184456 88578881 152690 154285 199472 201118 242396 200502 244988 183691 163232393 152785 163362 154285 150227 203638 196607 189000 166799 137286085 115179275 248484552 200475 57660291 250172 187421 161796 165306 119972524 177397 183411 147537262 276093 89100082 180240 171058 158002 169116 198209 182694 156345 180936
157993 159520 151424 170970 168089 124765772 0 170390 180636 119972524 224253 179401 173317 85630962 177491507 88578881 158302 165998 118753007 177732 180956 164365 182094 198333 79735124 188512 155343 178545 166799 96006280 155798 183411 175906 151501 160870 199557 180506 158318513 178258 170902 159520 191363 174434 64995528 174678 63153773 56151771 119972524 91213032 175612 175118 156860 163220 185210 175392 231917 187861 177732 174184 242704 184413 82683043 159010 38464256 214659 187078003 213182 171511 149476 100370557 183411 203381 180755 40914080 169116 149276
41412175 190621 173911 170380 160419 175455 170390 0 150227 182146 160870 171226 44360094 70567004 168148 134352269 174697 161796 195300 163555 188400 221131 197366 211044246 221025 177827 152688 182780 188449 167391 119972524 173387 187861 115046391 153952 24107551 244988 200115 163967 64995528 173978 212116 234002 226586 139145518 184456 149655 232029 174317 196319 192137 110386026 158302 162044 165515 201547 204027 211293 155343 70891366 202462 135745585 106266395 178871 289053 166789 178879 154054 74273620 208637 201547 224732 170711 191091 191947 47308014
180188 191871252 197400 163111761 167263 169764 180636 150227 0 118753007 166370 59099690 169632 44620695 169135 64995528 103318476 81686851 201118 162861 174697 97422638 202203 225423992 202088 209915 164177 32568418 189481 56151771 105592778 115110152 183352 212501 149276 152095 181146 186909 182094 188680 92806698 189178702 212116 191298 191091 165811 14880903 179530 119972524 221025 229759 183779 33694048 35516337 44620695 189178702 249390235 163043 62047609 185802 196664501 221025 183571 182284755 220614 184398 100219929 152176 165458 193149 199403 148405931 176713 216816 171567 159783
67943447 183423 194786 161135 179530 205730 119972524 182146 118753007 0 171226 174317 35516337 184413 200115 195646 110386026 160628 160658 237213 226278 194559 220630744 204341 171655 152690 165515 189356 234074 209915 193707 169078 149761 206029 186909 171382 199738 283869 198333 19314302 164636 213182 189304 199371 57660291 237213 172610 204529 190251 171496 153829 74273620 177827 139145518 198209 70567004 144699315 185472087 156523 211044246 234775 206936 144699315 189015 219197 172703 122459623 119972524 134352269 209602 188808129 207042 164636 185901 196664501 167372
124765772 194804 183043 213885 172385 230217241 224253 160870 166370 171226 0 156345 180188 112162233 85393467 207868 181146 190928 189000 175118 207325 196591933 210107 209791 189607 166304 161357 177827 222983 229759 191871252 48327311 198333 144699315 100219929 165211 246979 206512 152743 169820 53203852 207711780 211418396 153433100 170902 209902 174184 196732 132797666 180403 169564 139145518 221661 169078 193182 111339776 254183484 208637 147323 186909 213034 270750 228440 196664501 218572 48073794 172997 70891366 97422638 297322722 302115970 244218 152743 205174 170645624 139145518
107633160 207906 188038 196319 174998 224732 179401 171226 59099690 174317 156345 0 180636 173911 165998 184087 211044246 88578881 220630744 166799 207559 156381019 223642 206187 153433100 140992700 170390 115046391 192885318 180403 189607 170902 129872854 196852 173160 180188 243271 212116 29794233 169764 172824 188808129 237364705 222538243 140992700 167905010 165306 147537262 198209 239803738 184087 197094 179545 149328 168437 205035 230527 190996 162551 156345 219025 202458 150485181 194559 216431 33694048 26087617 181682 197094 292529473 278149727 209602 74273620 235010490 194804 176594
167197 178741 182146 157610 187965 197094 173317 44360094 169632 35516337 180188 180636 0 91526800 172041 223287 165458 148915 185553 170651 141641424 187078003 115110152 97422638 139145518 169338 162861 172703 103318476 143938767 189509 176713 159718 179591 180141 74273620 198207 186173 175408 165239 146525 208281 194818 198249 52033926 176713 159352 242396 186572 167372 59099690 156105 67943447 193149 181156 148732015 195274 182284755 153952 183423 201079 166939009 198779 169764 193477 167391 173911 169135 53203852 268316 196591933 244596987 26672580 173179 187954 171702
105592778 123953909 191363 219171 162804 175826 85630962 70567004 44620695 184413 112162233 173911 91526800 0 167873 155323 208281 88578881 206187 62453540 165211 184819 199456 150485181 208876 196591933 178879 33694048 226845 38464256 162360 214408 184413 133579469 169354 158002 169564 184456 126166238 194330 232029 255648 235856 178058856 252764 62453540 38464256 165306 70567004 147537262 213533 183035 23724661 183948 33694048 227105 268563230 149655 175740 190169 198779 239804 167905010 209915 210852 109214314 198249 86419783 185802 97422638 186707 196925 133579469 192291 167372 64995528
183773 194438 184778 196269 211293 183423 177491507 168148 169135 200115 85393467 165998 172041 167873 0 183352 220630744 180506 278685 164270 159525778 201188 208927 215125011 262120 132797666 67943447 70891366 206775 94474719 106266395 197094 197365 195645 173978 154054 209791 123953909 162804 189000 173387 214155 244218 205426 196664501 188680 187965 126901828 211755 156381019 174352240 193707 74273620 148915 76833286 196591933 208085 190313 169338 151333 208833 213929 178058856 210700 230492 63153773 159421 176876 178870 210107 247018 193436 191363 202088 159525778 216477
129559021 227602 172703 208637 169632 156139 88578881 134352269 64995528 195646 207868 184087 223287 155323 183352 0 185130 190875 227694 178815 167228 163220 191421 208866 215125011 252541 143938767 163555 180961 151742 164251 217174 268316 218974 165458 185553 171058 151089 198209 202462 195300 270908 244861 208637 204684 157871 195741 172856 41412175 244596987 286461 193182 163967 177171 162804 210478 245125 147842 183411 191885 169632 148732015 118753007 183411 147537262 225423992 178058856 178815 73839285 170390 167444 165333 202593 185901 169126 179785
175408 159010 86419783 151089 180636 188449 158302 174697 103318476 110386026 181146 211044246 165458 208281 220630744 185130 0 171702 178879 194818 234002 224253 85393467 153829 156345 187046 169126 163111761 166350 174697 115179275 193544 63153773 163907 139145518 187175 200787 163232393 242396 73839285 157348 62047609 81686851 175164 156481 176326 186909 181146 190313 33500848 166789 29794233 193631 200557 187421 129872854 160089 213182 219069 165224776 196591933 190046 166799 154252 115046391 189125 270908 183244 173317 195678 198906 192434 211293 48327311 168626 175408
150968 165367 161796 169393 173669 186572 165998 161796 81686851 160628 190928 88578881 148915 88578881 180506 190875 171702 0 174434 203872 187217 181770 191947 169480 183779 182146 156139 166350 184819 170902 178386 118753007 41412175 170970 63153773 169338 183691 115110152 185553 171058 148895 214659 182363 196925 153338 64995528 164241 178870 191363 100799529 168064 22381002 77980235 182146 196848 178258 193631 106266395 177983 123953909 212116 140992700 89100082 164251 231917 115046391 177397 153829 167179 190251 141641424 196852 59447158 169632 167393 150699
184299 208048 194330 76833286 247580 199450 118753007 195300 201118 160658 189000 220630744 185553 206187 278685 227694 178879 174434 0 208833 225833 198694 187421 134352269 170547 166209 97422638 147537262 198060 209912 195645 139145518 165409 187954 203619 191298 307197 191756048 144699315 163220 100799529 190996 185130 178399 158213 199267 185416 273356479 253491 160089 22381002 197400 202088 170645624 282942976 159010 91526800 221574 174998 179964372 242109 205049 198410 175118 235856 206250998 249176 112162233 179914 249119 218287319 294481 76787204 177397 209791 234621
67943447 225423992 126166238 152112546 77980235 193217 177732 163555 162861 237213 175118 166799 170651 62453540 164270 178815 194818 203872 208833 0 176784 187078003 234002 159328938 283869 242704 77980235 72040037 121005990 167391 183664 217317 194330 184778 169118 162330 179401 175740 190928 180008 118753007 248833 171120614 159328938 208281 164130 44620695 232029 190169 204529 190347 204341 167179 52867043 29794233 214094 296829 167861 119972524 173317 191390 247018 183411 190212 185860210 73839285 171886 86419783 180961 166939009 215463 196092 172824 189113 181146 165367
180432 163232393 182078 200298549 139145518 169393 180956 188400 174697 226278 207325 207559 141641424 165211 159525778 167228 234002 187217 225833 176784 0 169338 181406 232784 215293 335668711 189607 167873 176594 161796 73839285 294481 236051 186951 143938767 209902 153829 162468 259963 201825 222983 200298549 235856 205011 212116 64995528 115046391 157348 56151771 250687 234775 196943 174184 206328 183773 238142 179964372 159718 193436 191431 37207464 178741 180432 191390 189178702 216185 171120614 190875 202487 172997 28900800 168239 204005165 201711 189509 175392
175708 170390 162551 115110152 178545 162544 164365 221131 97422638 194559 196591933 156381019 187078003 184819 201188 163220 224253 181770 198694 187078003 169338 0 174363 218974 200736 211418396 181156 166304 150699 44360094 154872 205465 132797666 183244 175708 182284755 37207464 157348 205305 235010490 115110152 181770 195071 169377 229759 174363 176326 22381002 163907 148405931 208866 219069 189509 166939009 177397 219542 190996 172919 174352240 168172695 175906 159847 170088 189015 179241 222030 296829 174317 74273620 165239 169338 175164 174352240 166597 164776 115179275
111339776 157993 160628 94474719 139145518 216477 182094 197366 202203 220630744 210107 223642 115110152 199456 208927 191421 85393467 191947 187421 234002 181406 174363 0 100799529 103318476 235856 190451 195940 150330 182377 175612 277222 192270 158696 234621 192385 193217 178258 168172695 174352240 221131 159010 40914080 165039 129872854 182377 195122 180512 170612 169377 222878 169564 209902 209912 144589343 208463 200925 182408 194559 214121 187078003 155798 156139 86419783 169354 240951 224761 189458 67943447 181682 181406 181156 174352240 155217 156959 186707
208187 168089 195242 173967 204341 201547 198333 211044246 225423992 204341 209791 206187 97422638 150485181 215125011 208866 153829 169480 134352269 159328938 232784 218974 100799529 0 170088 193182 184299 211044246 197400 196664501 153525264 249390235 170651 44360094 191871252 235010490 206452 195646 200496 209902 170380 159277 159145 165998 172464 188400 192022 196664501 237213 48073794 187861 175612 206328 249390235 203253 123953909 160391 241417 252764 216294 204340 190046 59099690 156010 170612 168172695 277222 193182 185413 257948 266435 216717 184778 170970 183794 175455
97422638 195242 195214 171511 140992700 255648 79735124 221025 202088 171655 189607 153433100 139145518 208876 262120 215125011 156345 183779 170547 283869 215293 200736 103318476 170088 0 183948 180008 230217241 189722 141641424 193360 197955 66860389 85393467 221025 265724 206187 218831627 199914 171738 175297 169564 111339776 92806698 41412175 189125 197366 273501 135745585 159452 72040037 81686851 198060 204027 203911 100219929 160089 270750 194228 194703967 219846 228440 210344 187965 189722 185472087 168172695 195274 174697 223446 215207 218588 182078 170651 181406 188042
158318513 201457749 183411 173967 148405931 248833 188512 177827 209915 152690 166304 140992700 169338 196591933 132797666 252541 187046 182146 166209 242704 335668711 211418396 235856 193182 183948 0 172610 230294 150485181 214408 187421 180141 44620695 192291 201711 148405931 211947 247485 183794 168148 164251 207868 204529 186418 172272 138693504 118058071 212755 278685 124765772 151424 173911 215837495 195122 259963 152176 227602 203911 85393467 216365 217494 210740 215837495 194786 237684 122459623 189607 177827 137286085 234030 225536 232346 163043 193149 235010490 198481
147323 143938767 59099690 96006280 155323 172824 155343 152688 164177 165515 161357 170390 162861 178879 67943447 143938767 169126 156139 97422638 77980235 189607 181156 190451 184299 180008 172610 0 160870 143938767 178545 166789 187954 174936 178545 151333 164177 140992700 133579469 193149 63153773 168239 187975 229759 172698258 173978 86419783 152176 153525264 92806698 172610 175708 168148 55740542 159783 183779 225445 206648 219069 67246789 204341 174352240 186837 171738 174184 205730 119972524 206029 18674386 157006 250172 205035 206328 169116 189509 182727 152176
160628 129872854 96006280 167905010 167228 41412175 178545 182780 32568418 189356 177827 115046391 172703 33694048 70891366 163555 163111761 166350 147537262 72040037 167873 166304 195940 211044246 230217241 230294 160870 0 174434 162044 171511 210945 182604 172824 149761 175826 203517 164251 186572 182285 85630962 135745585 185416 184087 193182 156860 163907 164251 164177 202203 166939009 170902 11932984 182090 159718 211418396 190428 163555 111339776 97422638 91526800 122459623 175118 183571 203265 186828 112162233 156597 172824 196925 193217 182377 94474719 171567 169632 171226
115179275 161135 165998 182078 168064 163043 166799 188449 189481 234074 222983 192885318 103318476 226845 206775 180961 166350 184819 198060 121005990 176594 150699 150330 197400 189722 150485181 143938767 174434 0 161957 154349 239318 190621 55740542 182694 205014 160355 73839285 251333 163232393 204341 67943447 161357 70567004 163111761 193149 179530 157610 62453540 198779 191390 169081 178256 166939009 191885 202868 179530 178741 236232 174068534 91526800 167085 148895 169632 169126 202166 177016453 186707 162967 165333 186626 189509 201547 159277 147323 175906
159352 172610 76833286 200115 155323 151109 96006280 167391 56151771 209915 229759 180403 143938767 38464256 94474719 151742 174697 170902 209912 167391 161796 44360094 182377 196664501 141641424 214408 178545 162044 161957 0 164952 195440 184778 76787204 159145 180512 170970 165409 191885 181406 186626 190815 182604 180432 189356 147842 170970 40914080 147568 190815 263132 208701 155798 115046391 186613 224796 199472 168148 180432 219171 173160 172919 166349 186626 155819162 185416 191298 172824 159421 198333 81686851 198333 223287 181682 156105 182780
52033926 175906 148612 85630962 26672580 62453540 155798 119972524 105592778 193707 191871252 189607 189509 162360 106266395 164251 115179275 178386 195645 183664 73839285 154872 175612 153525264 193360 187421 166789 171511 154349 164952 0 235856 182363 158350 159421 124765772 172345 74273620 148405931 234621 181725 200633 175455 181725 187954 163907 158350 159718 152743 188042 152112546 56151771 175826 122459623 173179 213049 183423 188770 196848 196852 88578881 180240 52033926 110386026 232029 203619 210945 59447158 38487297 179591 85630962 183779 194786 59447158 148137 155323
181519 195440 204027 118753007 205174 218277 183411 173387 115110152 169078 48327311 170902 176713 214408 197094 217174 193544 118753007 139145518 217317 294481 205465 277222 249390235 197955 180141 187954 210945 239318 195440 235856 0 89100082 207868 215463 195940 219846 211215 160870 161539 124765772 226244858 279379 207325 185864 232148 180403 221574 210815 196269 168477 188093 163232393 143938767 204027 195741 262120 205426 53203852 184778 233026914 230492 197445 263132 228247 182298 208701 182285 211548 215489 227812 224183157 76833286 200496 165224776 201711
178545 173654 171382 150968 177977 170645624 175906 187861 183352 149761 198333 129872854 159718 184413 197365 268316 63153773 41412175 165409 194330 236051 132797666 192270 170651 66860389 44620695 174936 182604 190621 184778 182363 89100082 0 165367 206029 202487 196607 208323 82683043 48073794 29794233 188093 185698 229437 18674386 180432 191323 198060 190815 160089 150159 170088 216816 212501 216449 169632 174697 204027 168216 206775 229412 206775 195214 170612 178058856 176085 182000 171496 179785 268563230 211878 222538243 52033926 177977 193707 168626
161836 151501 167085 159520 176532 190169 151501 115046391 212501 206029 144699315 196852 179591 133579469 195645 218974 163907 170970 187954 184778 186951 183244 158696 44360094 85393467 192291 178545 172824 55740542 76787204 158350 207868 165367 0 189509 206194 195214 200115 123953909 174998 195741 163043 187965 41412175 161133 180512 193217 191363 67943447 47308014 216477 159847 170380 186837 183411 129849747 166789 187078003 176784 232784 199179 73839285 151552 149805 174434 207868 216365 67943447 57660291 191091 166939009 189607 189000 161313 170970 59447158
165998 226845 70567004 139145518 149761 184456 160870 153952 149276 186909 100219929 173160 180141 169354 173978 165458 139145518 63153773 203619 169118 143938767 175708 234621 191871252 221025 201711 151333 149761 182694 159145 159421 215463 206029 189509 0 167044 186909 168437 183779 176982 64995528 191390 206250998 200557 111339776 162882 157633 206109 177473 239804 199403 175612 11932984 185373 162804 249176 191298 161957 164263 172385 203381 190451 134352269 115046391 200475 175455 182078 149476 62453540 182285 129872854 172698258 168477 173179 105592778 37207464
176319 186173 143938767 178258 160089 88578881 199557 24107551 152095 171382 165211 180188 74273620 158002 154054 185553 187175 169338 191298 162330 209902 182284755 192385 235010490 265724 148405931 164177 175826 205014 180512 124765772 195940 202487 206194 167044 0 197365 129872854 50255933 174434 119972524 229517 239564 203737 204341 161357 163300 216816 174317 196943 184778 170523 44620695 148915 165811 194559 243271 168477 172997 166789 187421 207868 193360 197365 252541 166597 164263 163555 70891366 135745585 195678 132797666 166349 195274 183352 176532
158318513 163111761 89100082 265724 96513313 152690 180506 244988 181146 199738 246979 243271 198207 169564 209791 171058 200787 183691 307197 179401 153829 37207464 193217 206452 206187 211947 140992700 203517 160355 170970 172345 219846 196607 195214 186909 197365 0 151221 232784 203910 135745585 155819162 193360 185698 147537262 166789 200633 156860 156597 222983 209602 239804 171738 192385 193631 218287319 204027 74273620 214408 209846 155323 53203852 197400 200557 213609 213724 208687 212501 82683043 159452 167197 149276 198906 219069 50255933 219069
182078 203381 178129 181765471 172919 154285 158318513 200115 186909 283869 206512 212116 186173 184456 123953909 151089 163232393 115110152 191756048 175740 162468 157348 178258 195646 218831627 247485 133579469 164251 73839285 165409 74273620 211215 208323 200115 168437 129872854 151221 0 226250 209587 170645624 178058856 186418 187217 189178702 174363 176982 165239 170547 278685 177016453 183691 166304 194414 174434 234875 281277 169354 181765471 185472087 168239 92806698 190169 250172 187421 231150 211418396 172610 213885 41412175 157993 48073794 208866 163111761 166789 183664
169564 249176 190815 212501 178741 199472 178258 163967 182094 198333 152743 29794233 175408 126166238 162804 198209 242396 185553 144699315 190928 259963 205305 168172695 200496 199914 183794 193149 186572 251333 191885 148405931 160870 82683043 123953909 183779 50255933 232784 226250 0 174363 182090 217174 292529473 232784 191947 184778 168626 189178702 198207 206328 188042 224253 103926545 169393 118753007 188093 200781 201457749 26672580 170390 306909219 202458 203737 132797666 252191167 14880903 166209 165367 229437 203460 204955 227105 170547 135745585 189304 183664
81686851 112162233 100370557 158350 139145518 201118 170902 64995528 188680 19314302 169820 169764 165239 194330 189000 202462 73839285 171058 163220 180008 201825 235010490 174352240 209902 171738 168148 63153773 182285 163232393 181406 234621 161539 48073794 174998 176982 174434 203910 209587 174363 0 165239 240546 230217241 126901828 172856 234621 100219929 203057 209915 82683043 72040037 165211 182078 195242 184087 64995528 155819162 202462 162882 186837 241071321 217781 206648 115046391 264277 81686851 176326 67943447 170523 282942976 216634 182912291 149476 182285 208281 195242
156523 139145518 166350 151742 179781 242396 159520 173978 92806698 164636 53203852 172824 146525 232029 173387 195300 157348 148895 100799529 118753007 222983 115110152 221131 170380 175297 164251 168239 85630962 204341 186626 181725 124765772 29794233 195741 64995528 119972524 135745585 170645624 182090 165239 0 188449 180403 178258 164952 187046 180936 191871252 175392 100799529 76833286 154591 174184 179785 112162233 82683043 194786 199371 171511 209915 206187 198209 88578881 165217 207868 170523 100370557 81626535 170711 201682 211381 201634 153262 208701 176594 163967
133579469 165039 181682 177977 177491507 200502 191363 212116 189178702 213182 207711780 188808129 208281 255648 214155 270908 62047609 214659 190996 248833 200298549 181770 159010 159277 169564 207868 187975 135745585 67943447 190815 200633 226244858 188093 163043 191390 229517 155819162 178058856 217174 240546 188449 0 11932984 145655 176085 191885 199472 187192 133579469 164130 196319 183773 170645624 211785 209602 255648 159847 196591933 204997 215489 254183484 178129 160870 72040037 167179 223504 212482 229759 175455 118058071 212003 141641424 202001 172272 103926545 204341
172698258 152176 171886 148732015 177397 244988 174434 234002 212116 189304 211418396 237364705 194818 235856 244218 244861 81686851 182363 185130 171120614 235856 195071 40914080 159145 111339776 204529 229759 185416 161357 182604 175455 279379 185698 187965 206250998 239564 193360 186418 292529473 230217241 180403 11932984 0 14880903 184299 180956 214815 190875 226845 115179275 183411 187046 257948 214645 199450 207711780 52033926 244596987 226250 215489 239803738 178545 159520 167444 164952 207470 231766 247580 182377 208048 244596987 206328 185472087 180188 179785 195214
187954 148952 62047609 124765772 122459623 183691 64995528 226586 191298 199371 153433100 222538243 198249 178058856 205426 208637 175164 196925 178399 159328938 205011 169377 165039 165998 92806698 186418 172698258 184087 70567004 180432 181725 207325 229437 41412175 200557 203737 185698 187217 232784 126901828 178258 145655 14880903 0 195071 183571 182408 204341 182078 173967 109214314 200925 123953909 200298549 203910 244596987 156886 192434 225423992 271080 239803738 67943447 155343 153262 52033926 202458 217569 194228 124765772 209902 150485181 202593 195645 167197 178815 190313
166597 124765772 96513313 14521055 79735124 163232393 174678 139145518 191091 57660291 170902 140992700 52033926 252764 196664501 204684 156481 153338 158213 208281 212116 229759 129872854 172464 41412175 172272 173978 193182 163111761 189356 187954 185864 18674386 161133 111339776 204341 147537262 189178702 191947 172856 164952 176085 184299 195071 0 100370557 196925 200502 223287 62453540 151333 57660291 100370557 189481 220630744 115179275 170651 230217241 169338 214408 227694 197366 172824 187965 188038 177397 206250998 183244 64995528 237710 209602 264277 160089 178815 188042 171048
41412175 177977 158213 174697 162330 152785 63153773 184456 165811 237213 209902 167905010 176713 62453540 188680 157871 176326 64995528 199267 164130 64995528 174363 182377 188400 189125 138693504 86419783 156860 193149 147842 163907 232148 180432 180512 162882 161357 166789 174363 184778 234621 187046 191885 180956 183571 100370557 0 156597 169116 157993 239804 184413 81686851 151424 129559021 178386 268563230 163232393 159421 221661 187078003 195071 129559021 165217 175455 197239 118058071 200787 48327311 172412 170902 129559021 170902 177171 183948 161135 167179
155217 185901 162360 111339776 26672580 163362 56151771 149655 14880903 172610 174184 165306 159352 38464256 187965 195741 186909 164241 185416 44620695 115046391 176326 195122 192022 197366 118058071 152176 163907 179530 170970 158350 180403 191323 193217 157633 163300 200633 176982 168626 100219929 180936 199472 214815 182408 196925 156597 0 175708 168064 242396 140992700 105592778 160770 55740542 59447158 235010490 178058856 178627 195741 195071 181406 144699315 196925 183035 273501 182694 219069 154252 169116 179401 177491507 109214314 115179275 177533 171655 153829
180755 134352269 169078 199371 169632 154285 119972524 232029 179530 204529 196732 147537262 242396 165306 126901828 172856 181146 178870 273356479 232029 157348 22381002 180512 196664501 273501 212755 153525264 164251 157610 40914080 159718 221574 198060 191363 206109 216816 156860 165239 189178702 203057 191871252 187192 190875 204341 200502 169116 175708 0 148895 206328 278685 148732015 164365 219171 221661 288009 224732 177473 196852 153433100 161836 182780 193149 193631 178871 201079 234417 185413 168064 159277 172824 170547 138693504 171655 168239 203517
169632 96513313 48327311 208048 67246789 150227 91213032 174317 119972524 190251 132797666 198209 186572 70567004 211755 41412175 190313 191363 253491 190169 56151771 163907 170612 237213 135745585 278685 92806698 164177 62453540 147568 152743 210815 190815 67943447 177473 174317 156597 170547 198207 209915 175392 133579469 226845 182078 223287 157993 168064 148895 0 183691 210945 183779 66860389 234621 169480 203460 186951 180141 200557 195943 170390 177473 86419783 185864 184778 212100 208866 175906 55740542 162967 64995528 168216 184087 162360 38487297 165383
176713 170711 178129 152785 178870 203638 175612 196319 221025 171496 180403 239803738 167372 147537262 156381019 244596987 33500848 100799529 160089 204529 250687 148405931 169377 48073794 159452 124765772 172610 202203 198779 190815 188042 196269 160089 47308014 239804 196943 222983 278685 206328 82683043 100799529 164130 115179275 173967 62453540 239804 242396 206328 183691 0 86419783 169078 189113 209791 208876 153525264 155343 217781 167905010 209774 229951474 189607 168477 40914080 158318513 247018 199738 178870 169564 222983 214965 210135 178741 163043 183352 173179
170380 214659 177397 57660291 106266395 196607 175118 192137 229759 153829 169564 184087 59099690 213533 174352240 286461 166789 168064 22381002 190347 234775 208866 222878 187861 72040037 151424 175708 166939009 191390 263132 152112546 168477 150159 216477 199403 184778 209602 177016453 188042 72040037 76833286 196319 183411 109214314 151333 184413 140992700 278685 210945 86419783 0 177245 219171 197365 241417 167263 224253 198448 184398 219197 209443563 207906 193360 168437 208866 137286085 129849747 183352 224253 220299 206495644 248484552 164073 126166238 184413 176594
153262 176319 167263 37207464 160628 189000 156860 110386026 183779 74273620 139145518 197094 156105 183035 193707 193182 29794233 22381002 197400 204341 196943 219069 169564 175612 81686851 173911 168148 170902 169081 208701 56151771 188093 170088 159847 175612 170523 239804 183691 224253 165211 154591 183773 187046 200925 57660291 81686851 105592778 148732015 183779 169078 177245 0 181682 115046391 140992700 133579469 76787204 109214314 67943447 265724 203057 195214 91213032 156597 234621 183423 221025 47308014 165998 206648 202088 238389 167861 171226 167861 166209
52033926 198481 180240 195214 150330 166799 163220 158302 33694048 177827 221661 179545 67943447 23724661 74273620 163967 193631 77980235 202088 167179 174184 189509 209902 206328 198060 215837495 55740542 11932984 178256 155798 175826 163232393 216816 170380 11932984 44620695 171738 166304 103926545 182078 174184 170645624 257948 123953909 100370557 151424 160770 164365 66860389 189113 219171 181682 0 91213032 155436 159328938 192434 159421 183779 196925 183571 186828 179241 191091 205794 94474719 126166238 160724 170970 180008 182078 212501 195071 111339776 169126 177596
180936 244861 193182 178871 89100082 137286085 185210 162044 35516337 139145518 169078 149328 193149 183948 148915 177171 200557 182146 170645624 52867043 206328 166939009 209912 249390235 204027 195122 159783 182090 166939009 115046391 122459623 143938767 212501 186837 185373 148915 192385 194414 169393 195242 179785 211785 214645 200298549 189481 129559021 55740542 219171 234621 209791 197365 115046391 91213032 0 74273620 193666 215125011 191947 44360094 172272 156381019 199993 213182 255356 309789 48327311 169116 86419783 195071 254183484 185472087 209912 165458 184413 188400 182146
185413 193472 163111761 220630744 163362 115179275 175392 165515 44620695 198209 193182 168437 181156 33694048 76833286 162804 187421 196848 282942976 29794233 183773 177397 144589343 203253 203911 259963 183779 159718 191885 186613 173179 204027 216449 183411 162804 165811 193631 174434 118753007 184087 112162233 209602 199450 203910 220630744 178386 59447158 221661 169480 208876 241417 140992700 155436 74273620 0 204463 185860210 157243 188042 67943447 109214314 199472 209915 202088 217380 193631 192477 167873 206029 197365 202487 106266395 209902 197239 176784 172041
183411 203057 196732 129559021 203057 248484552 231917 201547 189178702 70567004 111339776 205035 148732015 227105 196591933 210478 129872854 178258 159010 214094 238142 219542 208463 123953909 100219929 152176 225445 211418396 202868 224796 213049 195741 169632 129849747 249176 194559 218287319 234875 188093 64995528 82683043 255648 207711780 244596987 115179275 268563230 235010490 288009 203460 153525264 167263 133579469 159328938 193666 204463 0 224732 229218 191947 177016453 298887 219846 156381019 152112546 311702468 192270 138693504 196943 220630744 285550707 320368 240233 178129 190428 266435 197366
191421 158002 143938767 195242 118058071 200475 187861 204027 249390235 144699315 254183484 230527 195274 268563230 208085 245125 160089 193631 91526800 296829 179964372 190996 200925 160391 160089 227602 206648 190428 179530 199472 183423 262120 174697 166789 191298 243271 204027 281277 200781 155819162 194786 159847 52033926 156886 170651 163232393 178058856 224732 186951 155343 224253 76787204 192434 215125011 185860210 224732 0 208463 230217241 232914 214965 176395 203517 158213 167861 205998 269226 250172 200633 178058856 219703 207711780 202593 195741 214659 190451
180961 221025 176326 207868 177499 57660291 177732 211293 163043 185472087 208637 190996 182284755 149655 190313 147842 213182 106266395 221574 167861 159718 172919 182408 241417 270750 203911 219069 163555 178741 168148 188770 205426 204027 187078003 161957 168477 74273620 169354 201457749 202462 199371 196591933 244596987 192434 230217241 159421 178627 177473 180141 217781 198448 109214314 159421 191947 157243 229218 208463 0 193149 221131 183948 167905010 176395 166939009 209587 199179 207483 172919 129559021 211293 190557 163362 201547 189356 172919 172703
178386 231917 189458 89100082 119972524 250172 174184 155343 62047609 156523 147323 162551 153952 175740 169338 183411 219069 177983 174998 119972524 193436 174352240 194559 252764 194228 85393467 67246789 111339776 236232 180432 196848 53203852 168216 176784 164263 172997 214408 181765471 26672580 162882 171511 204997 226250 225423992 169338 221661 195741 196852 200557 167905010 184398 67943447 183779 44360094 188042 191947 230217241 193149 0 88578881 252541 281277 190815 184778 218277 52033926 173978 53203852 199557 202166 215125011 214645 147678 187192 191885 85393467
182604 209774 213254 209912 239804 187421 242704 70891366 185802 211044246 186909 156345 183423 190169 151333 191885 165224776 123953909 179964372 173317 191431 168172695 214121 216294 194703967 216365 204341 97422638 174068534 219171 196852 184778 206775 232784 172385 166789 209846 185472087 170390 186837 209915 215489 215489 271080 214408 187078003 195071 153433100 195943 209774 219197 265724 196925 172272 67943447 177016453 232914 221131 88578881 0 222538243 197651886 216477 296829 237907 164073 180188 183035 198209 185860210 268563230 206513 185564 216185 278685 184778
195678 257948 179345 268592 187175 161796 184413 202462 196664501 234775 213034 219025 201079 198779 208833 169632 196591933 212116 242109 191390 37207464 175906 187078003 204340 219846 217494 174352240 91526800 91526800 173160 88578881 233026914 229412 199179 203381 187421 155323 168239 306909219 241071321 206187 254183484 239803738 239803738 227694 195071 181406 161836 170390 229951474 209443563 203057 183571 156381019 109214314 298887 214965 183948 252541 222538243 0 180961 185986 150485181 194559 314973 209475 204020 189722 156523 147842 24107551 233658089 199456 173179 215463
229437 77980235 184456 208281 88578881 165306 82683043 135745585 221025 206936 270750 202458 166939009 239804 213929 148732015 190046 140992700 205049 247018 178741 159847 155798 190046 228440 210740 186837 122459623 167085 172919 180240 230492 206775 73839285 190451 207868 53203852 92806698 202458 217781 198209 178129 178545 67943447 197366 129559021 144699315 182780 177473 189607 207906 195214 186828 199993 199472 219846 176395 167905010 281277 197651886 180961 0 156345 134352269 166666 261810 228554 201748 179545 67246789 190169 164365 197651 184456 41412175 191947
105592778 150968 149328 185553 164130 119972524 159010 106266395 183571 144699315 228440 150485181 198779 167905010 178058856 118753007 166799 89100082 198410 183411 180432 170088 156139 59099690 210344 215837495 171738 175118 148895 166349 52033926 197445 195214 151552 134352269 193360 197400 190169 203737 206648 88578881 160870 159520 155343 172824 165217 196925 193149 86419783 168477 193360 91213032 179241 213182 209915 156381019 203517 176395 190815 216477 185986 156345 0 155916 171048 278685 291645 169564 72040037 172919 194228 118753007 118058071 160391 151333 161957
167873 23724661 59447158 169116 172919 177397 38464256 178871 182284755 189015 196664501 194559 169764 209915 210700 183411 154252 164251 175118 190212 191390 189015 86419783 156010 187965 194786 174184 183571 169632 186626 110386026 263132 170612 149805 115046391 197365 200557 250172 132797666 115046391 165217 72040037 167444 153262 187965 175455 183035 193631 185864 40914080 168437 156597 191091 255356 202088 152112546 158213 166939009 184778 296829 150485181 134352269 155916 0 166370 239803738 231150 181725 53203852 188400 207821 189304 212501 152176 81686851 62047609
193230 160089 139145518 194330 209915 183411 214659 289053 220614 219197 218572 216431 193477 210852 230492 147537262 115046391 231917 235856 185860210 189178702 179241 169354 170612 189722 237684 205730 203265 169126 155819162 232029 228247 178058856 174434 200475 252541 213609 187421 252191167 264277 207868 167179 164952 52033926 188038 197239 273501 178871 184778 158318513 208866 234621 205794 309789 217380 311702468 167861 209587 218277 237907 194559 166666 171048 166370 0 226330 238142 192385 172698258 181146 214408 206328 266435 81686851 139145518 206648
187954 162276857 199914 112162233 167905010 147537262 187078003 166789 184398 172703 48073794 33694048 167391 109214314 63153773 225423992 189125 115046391 206250998 73839285 216185 222030 240951 168172695 185472087 122459623 119972524 186828 202166 185416 203619 182298 176085 207868 175455 166597 213724 231150 14880903 81686851 170523 223504 207470 202458 177397 118058071 182694 201079 212100 247018 137286085 183423 94474719 48327311 193631 192270 205998 199179 52033926 164073 314973 261810 278685 239803738 226330 0 20776742 176982 184560 316495716 245852 309789 163043 273501 147537262 196848
190451 179964372 222983 188260 140992700 276093 213182 178879 100219929 122459623 172997 26087617 173911 198249 159421 178058856 270908 177397 249176 171886 171120614 296829 224761 277222 168172695 189607 206029 112162233 177016453 191298 210945 208701 182000 216365 182078 164263 208687 211418396 166209 176326 100370557 212482 231766 217569 206250998 200787 219069 234417 208866 199738 129849747 221025 126166238 169116 192477 138693504 269226 207483 173978 180188 209475 228554 291645 231150 238142 20776742 0 181770 184413 288009 214155 197651886 173160 262120 258976733 187192
160770 143938767 164241 171655 162330 89100082 171511 154054 152176 119972524 70891366 181682 169135 86419783 176876 178815 183244 153829 112162233 86419783 190875 174317 189458 193182 195274 177827 18674386 156597 186707 172824 59447158 182285 171496 67943447 149476 163555 212501 172610 165367 67943447 81626535 229759 247580 194228 183244 48327311 154252 185413 175906 178870 183352 47308014 160724 86419783 167873 196943 250172 172919 53203852 183035 204020 201748 169564 181725 192385 176982 181770 0 161701 239804 187078003 185698 162176 182146 81686851 26087617
