TYPE GCVRP
DIMENSION 76
CAPACITY 220
NUMBER_OF_VEHICLES 7
EDGE_WEIGHT_SECTION
0.00 50351.44 179247.47 99918.74 113037.28 786.14 50278.24 706.37 14790.16 747.54 835.75 809.15 28783.85 805.99 113152.34 843.19 113106.32 51232.33 99987.37 747.54 101910.42 45759.19 814.90 28893.16 793.29 887.83 179210.86 51291.85 820.87 179265.77 722.85 101916.17 113123.58 51299.29 113054.54 56985.93 887.83 45796.39 101852.89 768.88 101783.85 849.42 910.15 113175.35 99923.32 706.37 99882.14 199204.97 56902.37 99959.92 179316.09 101766.59 722.85 57015.69 28915.69 179375.57 199255.29 56948.40 50328.57 101921.93 100028.55 14931.52 805.99 51336.49 51492.73 113175.35 199250.72 113025.78 56827.58 855.17 829.90 51462.97 14827.36 56902.37 733.82 50250.79
50351.44 0.00 722.85 45729.43 791.89 832.16 90566.36 100010.25 939.91 90687.17 90744.70 199333.07 51403.45 834.47 179425.90 28944.93 99895.87 179293.22 50401.77 991.99 895.44 99937.04 50278.24 113066.05 28858.64 954.79 865.51 843.67 56867.85 159482.77 199182.09 179430.47 159487.34 45617.83 14924.08 159542.25 895.27 28997.53 29002.46 816.17 858.07 28778.09 101760.84 45602.95 835.75 99964.49 45818.71 850.63 791.89 28848.73 28910.41 56985.93 28975.21 28990.96 101979.46 199310.20 159418.72 50433.80 28956.44 102065.75 15013.36 763.13 51232.33 678.91 159427.87 893.95 921.40 865.51 179270.34 199236.99 852.77 100014.82 51470.41 671.08 28848.73 90606.63
179247.47 722.85 0.00 752.12 731.59 729.24 99868.41 51373.69 28864.39 57104.97 159528.52 101950.69 28900.81 50360.59 101933.43 51366.25 776.23 90577.87 199269.02 837.91 45796.39 56873.61 51291.85 28858.64 28960.33 179375.57 733.82 791.11 113054.54 761.35 159377.54 199314.77 179320.67 56926.41 751.62 865.51 780.38 56936.89 51477.85 797.87 159455.32 113140.84 45736.87 738.39 791.89 51276.97 179279.49 28841.29 717.10 56936.89 179348.12 50301.12 50333.14 113204.12 895.27 101996.72 865.51 51388.57 56982.91 57224.00 101904.67 28829.87 179220.01 734.36 858.07 45900.55 29086.81 45692.23 50269.09 199204.97 837.91 57082.65 101898.91 56839.09 199118.04 101766.59
99918.74 45729.43 752.12 0.00 199204.97 159537.67 50310.27 179316.09 895.27 56867.85 14886.88 113221.38 101789.61 50429.22 199278.17 57194.24 101755.09 56941.29 761.35 878.19 952.97 820.75 788.72 199172.94 28795.35 199172.94 791.11 902.71 45796.39 28982.65 774.99 826.41 51232.33 90566.36 858.07 101898.91 15035.68 924.21 28904.66 179261.19 159391.26 99964.49 872.95 835.75 664.63 159491.92 814.90 57023.19 50401.77 159395.84 731.59 699.84 28960.33 159510.22 984.55 843.19 28858.64 57057.70 780.38 113296.17 29054.24 29019.85 57045.45 50305.69 199269.02 816.17 159551.40 99941.62 56902.37 159574.27 975.99 113313.43 757.37 50333.14 45788.95 99923.32
113037.28 791.89 731.59 199204.97 0.00 56890.87 113066.05 45669.91 50301.12 45781.51 179325.24 101881.66 14812.48 99909.59 14879.44 56902.37 113135.08 28801.11 14983.60 763.13 858.07 113123.58 858.07 50392.62 860.93 872.43 45640.15 14752.96 45714.55 45640.15 683.49 57171.93 99964.49 50323.99 51224.89 159427.87 791.89 99946.19 51403.45 858.07 57008.25 917.59 179348.12 832.16 765.84 199118.04 683.49 56902.37 746.47 90664.16 807.02 51291.85 179224.59 780.38 179284.07 199310.20 825.32 113117.82 828.31 14961.28 45826.15 779.57 101824.13 99946.19 29027.29 902.71 860.93 199118.04 199118.04 784.14 28967.77 793.29 50356.02 738.39 50305.69 679.51
786.14 832.16 729.24 159537.67 56890.87 0.00 835.75 90646.90 90618.14 113273.16 999.43 50442.95 57119.85 28806.86 90687.17 50273.66 45833.59 199232.42 179448.78 50365.17 56941.29 28811.53 14894.32 113250.14 29019.72 50502.43 101870.15 706.37 101818.37 28759.45 739.03 113342.19 906.95 57075.21 28829.87 779.57 90531.84 50269.09 100042.27 199301.05 14968.72 113244.39 14976.16 101927.68 895.44 159395.84 179284.07 50269.09 45610.39 113261.65 159588.00 113181.11 56890.87 855.17 820.87 1027.76 51537.37 731.59 14991.04 179393.87 90577.87 159450.74 828.31 179348.12 179375.57 871.07 15065.44 780.38 50333.14 199159.21 159418.72 50305.69 199287.32 199214.12 179252.04 57015.69
50278.24 90566.36 99868.41 50310.27 113066.05 835.75 0.00 99937.04 113135.08 828.31 14916.64 179357.27 113094.81 774.99 917.59 779.57 56856.35 113054.54 826.41 90658.41 159519.37 179288.64 50337.72 14842.24 765.84 199241.57 179247.47 113123.58 56890.87 791.11 51262.09 179375.57 199182.09 45617.83 101806.87 28870.14 99973.64 887.83 101898.91 90623.89 90566.36 50360.59 45751.75 742.97 50319.42 740.11 729.24 828.31 783.67 28871.05 51381.13 14723.20 159441.59 56965.66 179338.97 28956.44 57060.33 90658.41 99950.77 28985.20 179380.15 770.42 99895.87 701.79 28910.41 932.47 29042.17 28795.35 28752.01 797.87 179375.57 28997.53 199204.97 705.59 50305.69 90514.58
706.37 100010.25 51373.69 179316.09 45669.91 90646.90 99937.04 0.00 45610.39 28900.81 101806.87 113083.31 710.94 751.62 199145.49 850.63 159491.92 90577.87 199273.60 50291.96 51462.97 28927.67 45885.67 969.67 50433.80 159505.64 99872.99 14797.60 45833.59 101841.38 828.31 179329.82 57060.33 820.66 99877.56 679.51 14976.16 28982.65 56879.36 742.97 28863.61 57074.96 50465.82 50447.52 858.07 28829.87 159382.11 14938.96 90641.15 113221.38 113198.37 813.43 56856.35 14738.08 45699.67 113250.14 199314.77 14879.44 179247.47 752.12 45915.43 852.77 807.02 159510.22 15102.63 45707.11 28885.93 56839.09 757.37 57194.24 113250.14 50442.95 28848.73 113192.61 28945.45 715.52
14790.16 939.91 28864.39 895.27 50301.12 90618.14 113135.08 45610.39 0.00 826.41 179297.79 733.82 56902.37 711.35 113071.80 742.97 802.44 768.88 199301.05 113037.28 159491.92 793.29 57034.69 991.99 199305.62 29027.29 28818.97 692.64 199246.14 729.24 805.99 820.75 45803.83 28904.66 90514.58 28743.58 90675.67 113169.60 50337.72 28930.57 786.14 935.72 57074.96 101967.95 113192.61 28826.41 665.19 45781.51 828.31 50433.80 28950.69 28908.25 694.39 697.21 711.35 935.72 1029.19 101818.37 738.39 50346.87 947.35 50433.80 51433.21 925.03 57109.48 57038.01 797.64 101760.84 51321.61 100019.40 57134.73 872.43 56931.14 28916.17 159478.19 101801.11
747.54 90687.17 57104.97 56867.85 45781.51 113273.16 828.31 28900.81 826.41 0.00 113083.31 90641.15 697.21 179380.15 28982.65 101990.96 813.43 51291.85 90572.11 14953.84 57132.49 101985.21 984.55 50392.62 99941.62 90531.84 45699.67 100005.67 28962.19 29027.29 57000.17 28841.29 51224.89 28887.40 113169.60 179320.67 159601.72 15087.75 14842.24 672.07 14745.52 29042.17 159555.97 57023.19 731.59 14953.84 159482.77 100060.57 90721.69 51358.81 90537.59 757.37 159505.64 858.07 199287.32 751.62 866.68 929.96 101783.85 969.67 57167.01 199328.50 866.68 57067.77 57103.73 51366.25 832.16 828.31 850.63 90819.49 935.13 159633.75 14745.52 45818.71 947.35 179302.37
835.75 90744.70 159528.52 14886.88 179325.24 999.43 14916.64 101806.87 179297.79 113083.31 0.00 179252.04 14790.16 816.17 774.63 57057.70 90675.67 28847.13 113181.11 51381.13 90807.99 947.22 45960.06 57201.68 51470.41 101835.63 179274.92 159505.64 29086.81 28950.69 939.91 717.10 14842.24 866.68 797.64 90595.13 50497.85 51574.56 28766.89 14760.40 724.67 964.48 970.23 880.22 90623.89 50406.35 99950.77 101996.72 848.20 179361.85 101852.89 858.07 14909.20 28841.29 113204.12 814.90 1036.63 57194.24 179210.86 113169.60 102083.01 29059.99 50452.10 947.35 199383.40 716.71 199168.36 752.12 793.29 1103.58 1111.02 29183.52 28766.89 57171.93 906.95 858.07
809.15 199333.07 101950.69 113221.38 101881.66 50442.95 179357.27 113083.31 733.82 90641.15 179252.04 0.00 113135.08 101875.90 113054.54 159533.10 969.67 779.57 984.55 56890.87 45945.19 884.80 57290.96 90802.23 880.22 860.93 99937.04 820.66 941.47 179361.85 51470.41 90623.89 843.67 51515.05 45744.31 14790.16 50488.70 57074.96 688.34 90618.14 101870.15 935.13 1010.50 987.49 860.93 902.71 159450.74 871.07 199287.32 1014.31 159533.10 57119.85 56942.64 179220.01 159464.47 57046.20 57149.75 45848.47 56873.61 179252.04 46012.14 179462.50 875.65 101985.21 159674.93 694.39 682.58 113140.84 57119.85 1096.14 1073.82 90819.49 757.37 1006.87 90744.70 90652.66
28783.85 51403.45 28900.81 101789.61 14812.48 57119.85 113094.81 710.94 56902.37 697.21 14790.16 113135.08 0.00 784.14 90629.64 28933.43 51321.61 101743.58 57045.45 101858.64 861.92 932.47 820.75 793.29 858.07 45721.99 113037.28 51366.25 802.44 865.51 50356.02 56931.14 56862.10 113129.33 28818.37 757.37 100037.70 159542.25 113106.32 199131.76 159368.39 29019.85 45870.79 57127.29 722.85 56931.14 179265.77 14968.72 199232.42 179302.37 733.82 90549.10 747.54 14827.36 51418.33 872.95 113215.63 925.03 99877.56 90687.17 102019.73 901.20 50378.89 90618.14 159574.27 101841.38 101875.90 113071.80 724.67 15043.12 947.22 1021.75 683.49 90635.40 113175.35 56956.17
805.99 834.47 50360.59 50429.22 99909.59 28806.86 774.99 751.62 711.35 179380.15 816.17 101875.90 784.14 0.00 51336.49 45640.15 29019.85 779.57 90802.23 739.03 90595.13 113158.10 113238.64 875.65 199337.65 947.22 28885.93 694.39 14924.08 701.79 179279.49 57231.44 179380.15 849.42 28789.60 159418.72 101852.89 28829.87 837.91 199269.02 14938.96 29019.72 50470.40 918.46 14998.48 739.03 701.79 159450.74 751.62 871.07 57080.72 99982.79 678.91 50342.29 694.39 57313.28 1058.94 159382.11 159496.49 57075.21 50378.89 14961.28 902.71 29027.29 100083.45 811.60 57127.29 776.23 50346.87 793.29 57052.89 50374.32 849.42 56994.42 179302.37 742.97
113152.34 179425.90 101933.43 199278.17 14879.44 90687.17 917.59 199145.49 113071.80 28982.65 774.63 113054.54 90629.64 51336.49 0.00 45803.83 984.55 99973.64 15072.88 199127.19 889.69 45907.99 51589.44 975.99 29036.98 848.20 747.54 752.12 113278.91 788.72 807.02 57119.85 113227.13 51507.61 28863.61 56839.09 57201.68 834.47 99909.59 113181.11 179329.82 90842.50 29183.52 102042.74 947.35 28930.57 14812.48 839.05 50410.92 884.80 912.70 57000.17 757.37 101743.58 761.35 947.22 159638.33 28938.01 45721.99 179229.16 45952.63 45982.38 918.46 57069.21 46079.10 740.11 51284.41 199186.67 90664.16 45960.06 28996.71 179421.32 50360.59 199305.62 889.69 14894.32
843.19 28944.93 51366.25 57194.24 56902.37 50273.66 779.57 850.63 742.97 101990.96 57057.70 159533.10 28933.43 45640.15 45803.83 0.00 159537.67 56988.67 57138.25 199195.82 14752.96 159441.59 199255.29 113290.41 975.99 50511.58 865.51 50291.96 56948.40 159391.26 51314.17 100106.33 15043.12 28921.92 51321.61 57045.45 199159.21 101755.09 199287.32 45915.43 199273.60 15050.56 28990.96 57194.24 113267.40 45655.03 14834.80 56963.61 706.37 1021.75 15095.19 113204.12 56879.36 101893.16 99909.59 179499.10 50493.27 28744.57 179375.57 100014.82 56902.37 872.95 826.41 179375.57 871.07 991.99 918.46 199195.82 756.69 99937.04 28833.85 99918.74 113255.90 45818.71 99932.47 199200.39
113106.32 99895.87 776.23 101755.09 113135.08 45833.59 56856.35 159491.92 802.44 813.43 90675.67 969.67 51321.61 29019.85 984.55 159537.67 0.00 56956.17 28885.93 45870.79 50465.82 14916.64 774.63 159400.41 179252.04 28923.13 99932.47 895.27 159455.32 159491.92 820.87 45863.35 740.11 113043.03 858.07 45826.15 57028.94 895.44 14968.72 756.69 179256.62 738.39 768.88 56978.49 99886.71 51388.57 113169.60 90675.67 28938.01 694.09 45707.11 688.34 57097.53 57142.17 179393.87 843.67 159427.87 29042.17 14901.76 898.52 947.22 113186.86 56890.87 28749.33 820.66 101956.44 15050.56 57030.57 113094.81 100028.55 102008.22 159569.70 14879.44 717.10 90612.38 113106.32
51232.33 179293.22 90577.87 56941.29 28801.11 199232.42 113054.54 90577.87 768.88 51291.85 28847.13 779.57 101743.58 779.57 99973.64 56988.67 56956.17 0.00 45751.75 28881.65 159546.82 99978.22 28945.45 159469.04 28908.25 28900.81 50273.66 159455.32 113158.10 90623.89 50328.57 826.41 706.37 50310.27 740.11 45721.99 101927.68 820.75 57045.45 199159.21 99859.26 28910.41 51425.77 50374.32 179238.31 742.97 45692.23 90664.16 50360.59 798.55 45714.55 676.83 763.13 28900.81 28967.77 101898.91 57097.53 807.02 28812.61 834.47 57074.96 860.93 780.38 51314.17 28956.44 820.66 179348.12 159400.41 199140.91 90721.69 861.92 51515.05 734.36 56902.37 159459.89 159386.69
99987.37 50401.77 199269.02 761.35 14983.60 179448.78 826.41 199273.60 199301.05 90572.11 113181.11 984.55 57045.45 90802.23 15072.88 57138.25 28885.93 45751.75 0.00 45952.63 51693.60 159597.15 179393.87 850.63 56948.73 199136.34 793.29 871.07 51522.49 113296.17 51507.61 858.07 50296.54 113175.35 57040.44 101967.95 15154.71 939.70 866.68 159441.59 798.55 45848.47 159537.67 179352.70 51276.97 51529.93 179384.72 1066.38 29013.97 159427.87 676.83 28864.39 199305.62 906.95 1081.26 99895.87 784.14 46027.02 101881.66 921.40 57410.00 90796.48 113232.88 51381.13 50470.40 962.23 29002.46 816.17 159514.80 29205.84 980.88 29123.28 761.27 179348.12 57201.68 14946.40
747.54 991.99 837.91 878.19 763.13 50365.17 90658.41 50291.96 113037.28 14953.84 51381.13 56890.87 101858.64 739.03 199127.19 199195.82 45870.79 28881.65 45952.63 0.00 159501.07 932.47 50465.82 889.37 15087.75 28985.20 763.13 753.91 829.90 101841.38 199218.69 50424.65 199269.02 101933.43 199150.06 199118.04 179357.27 159496.49 28847.13 90669.91 826.41 50502.43 907.68 889.37 29019.85 101824.13 711.35 14938.96 57075.21 100060.57 159560.55 50392.62 199140.91 724.15 688.34 113319.18 15124.95 99927.89 828.31 113094.81 90727.44 28996.71 179375.57 101962.20 930.55 756.69 45736.87 776.23 56948.40 901.20 50420.07 45878.23 101870.15 90715.94 90675.67 179293.22
101910.42 895.44 45796.39 952.97 858.07 56941.29 159519.37 51462.97 159491.92 57132.49 90807.99 45945.19 861.92 90595.13 889.69 14752.96 50465.82 159546.82 51693.60 159501.07 0.00 45721.99 179366.42 29131.44 90848.26 1163.10 51470.41 51336.49 90652.66 90577.87 756.69 29123.28 29146.32 101944.94 865.51 50406.35 159400.41 56896.65 29031.23 159610.88 29086.81 952.97 50470.40 45930.31 100088.02 742.97 820.66 179256.62 729.24 50507.00 57167.01 100033.12 99950.77 57179.37 113152.34 113451.50 921.40 56862.10 179421.32 179412.17 699.84 51403.45 101910.42 159565.12 935.72 113330.69 907.68 56988.67 50388.04 199168.36 686.95 56933.85 958.73 57149.61 50356.02 179338.97
45759.19 99937.04 56873.61 820.75 113123.58 28811.53 179288.64 28927.67 793.29 101985.21 947.22 884.80 932.47 113158.10 45907.99 159441.59 14916.64 99978.22 159597.15 932.47 45721.99 0.00 113100.56 28921.92 100046.85 970.23 51418.33 101835.63 159386.69 710.94 159404.99 179476.23 848.20 57030.57 45759.19 925.03 699.84 179256.62 51567.13 1006.87 820.75 99978.22 50369.74 179311.52 28950.69 113100.56 51388.57 676.83 113043.03 872.43 113290.41 14901.76 50356.02 901.20 179348.12 199387.98 45848.47 99946.19 912.70 903.10 199182.09 50282.81 199154.64 57067.77 99969.07 57115.23 15124.95 90641.15 757.37 199131.76 45721.99 56978.49 912.70 99923.32 56911.53 820.87
814.90 50278.24 51291.85 788.72 858.07 14894.32 50337.72 45885.67 57034.69 984.55 45960.06 57290.96 820.75 113238.64 51589.44 199255.29 774.63 28945.45 179393.87 50465.82 179366.42 113100.56 0.00 798.55 802.44 50470.40 199250.72 57112.41 179224.59 56954.15 28871.05 29077.25 45855.91 101795.36 14946.40 101973.70 50365.17 101898.91 903.10 912.70 28927.67 99895.87 705.59 28778.09 843.67 56954.15 57005.93 28893.37 45729.43 179311.52 50438.37 101852.89 50406.35 113296.17 866.50 90813.74 14849.68 179371.00 101985.21 102088.76 932.47 51262.09 50273.66 776.23 28789.60 29168.64 100133.78 56982.91 747.54 113140.84 179366.42 51418.33 912.70 99882.14 159414.14 57052.89
28893.16 113066.05 28858.64 199172.94 50392.62 113250.14 14842.24 969.67 991.99 50392.62 57201.68 90802.23 793.29 875.65 975.99 113290.41 159400.41 159469.04 850.63 889.37 29131.44 28921.92 798.55 0.00 199154.64 113204.12 99987.37 969.67 28864.39 947.35 880.39 1029.19 101858.64 710.94 939.91 1006.87 57051.95 101990.96 90773.47 50406.35 179316.09 28796.65 45662.47 113054.54 56913.88 51462.97 51485.29 947.35 14953.84 716.71 57060.33 28871.05 57179.37 1029.19 102031.23 834.47 199108.89 50484.12 14998.48 102100.27 102036.99 113186.86 733.82 28781.77 45729.43 903.10 29077.25 113204.12 28915.69 15013.36 29048.49 57246.32 101933.43 50310.27 56959.90 90646.90
793.29 28858.64 28960.33 28795.35 860.93 29019.72 765.84 50433.80 199305.62 99941.62 51470.41 880.22 858.07 199337.65 29036.98 975.99 179252.04 28908.25 56948.73 15087.75 90848.26 100046.85 802.44 199154.64 0.00 50342.29 90669.91 999.43 45841.03 861.92 199264.44 57017.43 745.87 774.63 50433.80 15035.68 90802.23 981.74 45900.55 101864.40 56925.38 101852.89 814.90 786.14 706.37 101956.44 45885.67 15058.00 852.77 14730.64 753.91 768.88 51522.49 199314.77 159620.03 797.64 159427.87 29059.99 113209.87 944.28 90871.27 50452.10 28898.91 14812.48 45841.03 929.96 903.10 113215.63 159491.92 57120.99 102094.52 51648.96 45796.39 101858.64 179366.42 56977.16
887.83 954.79 179375.57 199172.94 872.43 50502.43 199241.57 159505.64 29027.29 90531.84 101835.63 860.93 45721.99 947.22 848.20 50511.58 28923.13 28900.81 199136.34 28985.20 1163.10 970.23 50470.40 113204.12 50342.29 0.00 159482.77 50456.67 875.65 57231.44 179393.87 28818.37 711.35 56994.42 57149.61 872.43 102077.26 29198.40 56959.90 199145.49 51314.17 57057.70 100060.57 179389.30 113089.06 857.35 825.32 199355.95 15072.88 835.75 99868.41 51373.69 977.11 57005.93 29031.23 51239.77 28944.93 159620.03 774.63 57092.22 179531.13 90825.25 977.11 57104.97 29153.76 832.16 51470.41 159505.64 855.17 57357.92 90900.03 100161.23 51306.73 100019.40 1006.87 28975.21
179210.86 865.51 733.82 791.11 45640.15 101870.15 179247.47 99872.99 28818.97 45699.67 179274.92 99937.04 113037.28 28885.93 747.54 865.51 99932.47 50273.66 793.29 763.13 51470.41 51418.33 199250.72 99987.37 90669.91 159482.77 0.00 101806.87 865.51 113123.58 45707.11 113175.35 199177.52 113123.58 179229.16 28818.97 860.93 849.42 14827.36 740.11 56933.85 90710.19 28950.69 910.15 28863.61 776.23 101760.84 880.39 786.14 159482.77 45759.19 199145.49 728.61 101801.11 28908.25 28939.18 29012.41 14901.76 746.47 50392.62 912.70 90704.43 101864.40 99950.77 113273.16 828.31 28887.40 671.08 51269.53 14991.04 57046.20 57179.37 50305.69 50356.02 113146.59 51239.77
51291.85 843.67 791.11 902.71 14752.96 706.37 113123.58 14797.60 692.64 100005.67 159505.64 820.66 51366.25 694.39 752.12 50291.96 895.27 159455.32 871.07 753.91 51336.49 101835.63 57112.41 969.67 999.43 50456.67 101806.87 0.00 45751.75 14738.08 28795.35 57209.12 101921.93 101870.15 51224.89 28806.86 14857.12 51314.17 199232.42 90681.42 774.99 852.77 179384.72 159533.10 113204.12 14723.20 113043.03 51314.17 28818.97 57034.69 901.20 90623.89 660.61 57023.13 56862.10 970.23 179407.60 50291.96 814.90 793.29 784.14 832.16 51381.13 51433.21 100056.00 99996.52 816.17 45647.59 50314.84 50374.32 50365.17 56954.15 788.72 159478.19 56902.37 113083.31
820.87 56867.85 113054.54 45796.39 45714.55 101818.37 56890.87 45833.59 199246.14 28962.19 29086.81 941.47 802.44 14924.08 113278.91 56948.40 159455.32 113158.10 51522.49 829.90 90652.66 159386.69 179224.59 28864.39 45841.03 875.65 865.51 45751.75 0.00 101812.62 101772.35 29161.20 100010.25 728.61 199214.12 29004.97 179270.34 756.69 29008.22 895.44 50392.62 747.54 179274.92 751.62 895.27 14827.36 45781.51 101789.61 739.03 50378.89 90727.44 51343.93 45774.07 901.20 100014.82 159615.45 45781.51 51403.45 28967.94 912.25 784.14 56926.41 99859.26 56902.37 99932.47 102025.48 916.83 57052.89 45684.79 99918.74 56971.41 50356.02 113250.14 28796.65 179210.86 199182.09
179265.77 159482.77 761.35 28982.65 45640.15 28759.45 791.11 101841.38 729.24 29027.29 28950.69 179361.85 865.51 701.79 788.72 159391.26 159491.92 90623.89 113296.17 101841.38 90577.87 710.94 56954.15 947.35 861.92 57231.44 113123.58 14738.08 101812.62 0.00 113048.79 179430.47 101933.43 761.27 45662.47 28893.37 50310.27 50296.54 100014.82 179366.42 56971.41 51477.85 101921.93 101910.42 100005.67 28744.57 50310.27 705.59 159372.96 51477.85 15028.24 14872.00 51262.09 820.66 28835.63 57298.40 100042.27 199145.49 101910.42 50429.22 45744.31 99946.19 90600.88 56971.41 883.94 179384.72 101967.95 50314.84 51284.41 14842.24 768.88 14842.24 28933.43 113140.84 90549.10 14797.60
722.85 199182.09 159377.54 774.99 683.49 739.03 51262.09 828.31 805.99 57000.17 939.91 51470.41 50356.02 179279.49 807.02 51314.17 820.87 50328.57 51507.61 199218.69 756.69 159404.99 28871.05 880.39 199264.44 179393.87 45707.11 28795.35 101772.35 113048.79 0.00 50470.40 51425.77 179261.19 51284.41 835.75 28856.17 757.37 872.43 14946.40 199209.54 50383.47 90646.90 199209.54 113175.35 113043.03 179261.19 56862.10 28766.89 56977.16 878.19 729.24 28806.86 832.16 90635.40 113313.43 90687.17 28841.38 28967.77 51515.05 779.57 50333.14 722.85 813.43 14938.96 57040.44 57209.12 734.36 701.83 113129.33 774.99 28908.25 57104.97 734.36 90508.83 45640.15
101916.17 179430.47 199314.77 826.41 57171.93 113342.19 179375.57 179329.82 820.75 28841.29 717.10 90623.89 56931.14 57231.44 57119.85 100106.33 45863.35 826.41 858.07 50424.65 29123.28 179476.23 29077.25 1029.19 57017.43 28818.37 113175.35 57209.12 29161.20 179430.47 50470.40 0.00 780.38 57057.70 50420.07 57112.41 90871.27 159652.05 101806.87 99905.02 835.75 993.25 29083.00 90807.99 113163.85 50461.25 179361.85 46027.02 199346.80 199278.17 101847.14 100001.10 895.44 865.51 199314.77 14834.80 29036.98 102042.74 724.67 101933.43 1003.75 46079.10 179439.62 15028.24 51708.48 28824.12 14872.00 90681.42 29034.73 179521.98 90911.54 990.03 761.35 90773.47 898.52 57149.61
113123.58 159487.34 179320.67 51232.33 99964.49 906.95 199182.09 57060.33 45803.83 51224.89 14842.24 843.67 56862.10 179380.15 113227.13 15043.12 740.11 706.37 50296.54 199269.02 29146.32 848.20 45855.91 101858.64 745.87 711.35 199177.52 101921.93 100010.25 101933.43 51425.77 780.38 0.00 179293.22 28887.40 50388.04 159588.00 100074.30 770.42 716.71 688.34 100001.10 90698.68 14931.52 671.08 101910.42 57082.65 51522.49 51477.85 159427.87 99863.84 199154.64 28916.17 28904.66 29057.05 56902.37 159491.92 199314.77 56896.62 113278.91 57328.16 113278.91 28960.33 45729.43 918.46 101887.41 159523.95 51358.81 199200.39 1058.94 90831.00 987.49 722.85 99964.49 57000.17 90612.38
51299.29 45617.83 56926.41 90566.36 50323.99 57075.21 45617.83 820.66 28904.66 28887.40 866.68 51515.05 113129.33 849.42 51507.61 28921.92 113043.03 50310.27 113175.35 101933.43 101944.94 57030.57 101795.36 710.94 774.63 56994.42 113123.58 101870.15 728.61 761.27 179261.19 57057.70 179293.22 0.00 50356.02 50397.19 28960.33 28982.65 834.47 101881.66 14834.80 51306.73 14812.48 706.37 159432.44 28893.37 50365.17 50360.59 747.54 715.52 14894.32 50282.81 179316.09 90704.43 179375.57 843.62 45707.11 932.47 159501.07 29131.44 199291.90 756.69 90526.09 56821.83 45751.75 57057.70 57092.22 747.54 731.59 113192.61 901.20 51470.41 113181.11 56889.21 50310.27 734.36
113054.54 14924.08 751.62 858.07 51224.89 28829.87 101806.87 99877.56 90514.58 113169.60 797.64 45744.31 28818.37 28789.60 28863.61 51321.61 858.07 740.11 57040.44 199150.06 865.51 45759.19 14946.40 939.91 50433.80 57149.61 179229.16 51224.89 199214.12 45662.47 51284.41 50420.07 28887.40 50356.02 0.00 113060.29 113169.60 159464.47 28908.25 45766.63 742.97 90727.44 962.23 57142.17 814.90 28772.34 113008.52 14864.56 56993.37 14961.28 57134.73 28871.05 660.61 14805.04 99909.59 29002.46 101967.95 101812.62 159446.17 179325.24 28997.53 199250.72 850.63 820.66 51537.37 90646.90 45796.39 28752.01 739.03 90681.42 843.67 910.15 101847.14 90635.40 805.99 699.84
56985.93 159542.25 865.51 101898.91 159427.87 779.57 28870.14 679.51 28743.58 179320.67 90595.13 14790.16 757.37 159418.72 56839.09 57045.45 45826.15 45721.99 101967.95 199118.04 50406.35 925.03 101973.70 1006.87 15035.68 872.43 28818.97 28806.86 29004.97 28893.37 835.75 57112.41 50388.04 50397.19 113060.29 0.00 113227.13 843.67 720.09 45751.75 828.31 29116.56 50479.55 45922.87 50392.62 179274.92 199122.61 28916.17 90641.15 100033.12 101933.43 159473.62 711.35 101743.58 28826.41 101985.21 50488.70 101847.14 199168.36 45707.11 179393.87 57057.70 199264.44 113227.13 50511.58 99923.32 159446.17 50291.96 752.12 852.77 100028.55 848.20 90600.88 113215.63 45803.83 50323.99
887.83 895.27 780.38 15035.68 791.89 90531.84 99973.64 14976.16 90675.67 159601.72 50497.85 50488.70 100037.70 101852.89 57201.68 199159.21 57028.94 101927.68 15154.71 179357.27 159400.41 699.84 50365.17 57051.95 90802.23 102077.26 860.93 14857.12 179270.34 50310.27 28856.17 90871.27 159588.00 28960.33 113169.60 113227.13 0.00 56827.58 29131.44 90790.73 852.77 883.94 199264.44 90698.68 871.07 45707.11 50383.47 14723.20 45647.59 29086.81 90819.49 14961.28 101864.40 101973.70 57097.53 980.88 199314.77 757.37 57231.44 199342.22 45640.15 724.67 28864.39 57142.17 50415.50 199360.52 102060.00 28904.66 770.42 14730.64 28783.85 90514.58 102008.22 14901.76 720.09 14901.76
45796.39 28997.53 56936.89 924.21 99946.19 50269.09 887.83 28982.65 113169.60 15087.75 51574.56 57074.96 159542.25 28829.87 834.47 101755.09 895.44 820.75 939.70 159496.49 56896.65 179256.62 101898.91 101990.96 981.74 29198.40 849.42 51314.17 756.69 50296.54 757.37 159652.05 100074.30 28982.65 159464.47 843.67 56827.58 0.00 29101.69 100078.87 906.95 918.46 179389.30 159546.82 935.72 113100.56 45766.63 199131.76 56948.73 15072.88 916.83 101927.68 101835.63 100023.97 45751.75 100170.38 15080.31 28789.60 924.21 929.96 56933.85 786.14 57075.21 14991.04 179393.87 29124.00 970.23 159482.77 14886.88 706.37 50278.24 716.71 113290.41 895.27 45707.11 199218.69
101852.89 29002.46 51477.85 28904.66 51403.45 100042.27 101898.91 56879.36 50337.72 14842.24 28766.89 688.34 113106.32 837.91 99909.59 199287.32 14968.72 57045.45 866.68 28847.13 29031.23 51567.13 903.10 90773.47 45900.55 56959.90 14827.36 199232.42 29008.22 100014.82 872.43 101806.87 770.42 834.47 28908.25 720.09 29131.44 29101.69 0.00 113100.56 57023.13 100106.33 1096.14 29131.44 28945.45 51440.65 90612.38 935.72 100037.70 57179.37 56977.16 14916.64 803.40 56941.29 826.41 100001.10 159606.30 954.79 683.49 99937.04 1118.46 179462.50 45922.87 848.20 1033.52 665.19 199136.34 179293.22 14931.52 179467.08 159624.60 57313.28 56948.73 852.77 159555.97 199218.69
768.88 816.17 797.87 179261.19 858.07 199301.05 90623.89 742.97 28930.57 672.07 14760.40 90618.14 199131.76 199269.02 113181.11 45915.43 756.69 199159.21 159441.59 90669.91 159610.88 1006.87 912.70 50406.35 101864.40 199145.49 740.11 90681.42 895.44 179366.42 14946.40 99905.02 716.71 101881.66 45766.63 45751.75 90790.73 100078.87 113100.56 0.00 199131.76 28979.45 999.43 839.05 56963.61 14946.40 797.64 199310.20 29027.29 770.42 753.91 90595.13 45796.39 28858.64 159533.10 742.97 883.94 45915.43 28772.34 90704.43 1016.26 57097.97 29012.41 820.66 29042.73 768.88 51388.57 747.54 159473.62 1081.26 199374.25 925.98 28752.01 90681.42 29019.85 28858.64
101783.85 858.07 159455.32 159391.26 57008.25 14968.72 90566.36 28863.61 786.14 14745.52 724.67 101870.15 159368.39 14938.96 179329.82 199273.60 179256.62 99859.26 798.55 826.41 29086.81 820.75 28927.67 179316.09 56925.38 51314.17 56933.85 774.99 50392.62 56971.41 199209.54 835.75 688.34 14834.80 742.97 828.31 852.77 906.95 57023.13 199131.76 0.00 45833.59 179361.85 101898.91 113048.79 28923.13 57015.69 939.91 179338.97 798.55 761.35 51254.65 99950.77 199200.39 816.17 770.42 57104.97 57023.19 28795.35 29027.29 90802.23 199287.32 779.57 101829.88 57057.70 159473.62 797.87 768.79 28848.73 51544.81 45967.50 90779.22 101766.59 14872.00 90652.66 56879.36
849.42 28778.09 113140.84 99964.49 917.59 113244.39 50360.59 57074.96 935.72 29042.17 964.48 935.13 29019.85 29019.72 90842.50 15050.56 738.39 28910.41 45848.47 50502.43 952.97 99978.22 99895.87 28796.65 101852.89 57057.70 90710.19 852.77 747.54 51477.85 50383.47 993.25 100001.10 51306.73 90727.44 29116.56 883.94 918.46 100106.33 28979.45 45833.59 0.00 660.61 101726.32 101887.41 100014.82 100042.27 51455.53 849.42 101824.13 113221.38 113152.34 906.95 199351.37 90819.49 29019.72 50282.81 947.22 199319.35 179521.98 1036.63 56936.89 101806.87 753.91 199140.91 113370.96 179508.25 28950.69 90646.90 825.32 113307.67 861.92 100051.42 113089.06 803.40 50392.62
910.15 101760.84 45736.87 872.95 179348.12 14976.16 45751.75 50465.82 57074.96 159555.97 970.23 1010.50 45870.79 50470.40 29183.52 28990.96 768.88 51425.77 159537.67 907.68 50470.40 50369.74 705.59 45662.47 814.90 100060.57 28950.69 179384.72 179274.92 101921.93 90646.90 29083.00 90698.68 14812.48 962.23 50479.55 199264.44 179389.30 1096.14 999.43 179361.85 660.61 0.00 665.19 99987.37 159519.37 29049.61 56988.67 14924.08 820.87 179375.57 28923.13 15013.36 100097.18 179448.78 964.48 722.85 1021.75 29101.69 179521.98 1014.31 113123.58 90566.36 28833.85 113048.79 179485.38 46086.54 14983.60 56954.15 50401.77 1021.75 57179.37 929.96 14790.16 199200.39 28960.33
113175.35 45602.95 738.39 835.75 832.16 101927.68 742.97 50447.52 101967.95 57023.19 880.22 987.49 57127.29 918.46 102042.74 57194.24 56978.49 50374.32 179352.70 889.37 45930.31 179311.52 28778.09 113054.54 786.14 179389.30 910.15 159533.10 751.62 101910.42 199209.54 90807.99 14931.52 706.37 57142.17 45922.87 90698.68 159546.82 29131.44 839.05 101898.91 101726.32 665.19 0.00 50369.74 51433.21 179371.00 50392.62 45796.39 199172.94 811.60 14849.68 834.47 952.97 90790.73 1021.75 56850.59 159569.70 991.99 50557.33 1014.31 747.54 179247.47 101766.59 722.85 179462.50 90859.76 113209.87 835.75 50406.35 875.65 113255.90 51507.61 28783.85 199195.82 28938.01
99923.32 835.75 791.89 664.63 765.84 895.44 50319.42 858.07 113192.61 731.59 90623.89 860.93 722.85 14998.48 947.35 113267.40 99886.71 179238.31 51276.97 29019.85 100088.02 28950.69 843.67 56913.88 706.37 113089.06 28863.61 113204.12 895.27 100005.67 113175.35 113163.85 671.08 159432.44 814.90 50392.62 871.07 935.72 28945.45 56963.61 113048.79 101887.41 99987.37 50369.74 0.00 797.87 50374.32 113244.39 28933.43 739.03 179229.16 731.59 797.87 199246.14 984.55 820.87 101858.64 999.43 45721.99 57231.44 57138.25 45885.67 101870.15 14812.48 101950.69 179348.12 962.23 57030.57 742.97 50474.97 90819.49 29042.73 159427.87 199195.82 56977.16 56908.13
706.37 99964.49 51276.97 159491.92 199118.04 159395.84 740.11 28829.87 28826.41 14953.84 50406.35 902.71 56931.14 739.03 28930.57 45655.03 51388.57 742.97 51529.93 101824.13 742.97 113100.56 56954.15 51462.97 101956.44 857.35 776.23 14723.20 14827.36 28744.57 113043.03 50461.25 101910.42 28893.37 28772.34 179274.92 45707.11 113100.56 51440.65 14946.40 28923.13 100014.82 159519.37 51433.21 797.87 0.00 45647.59 50305.69 50278.24 14961.28 179380.15 768.88 99868.41 843.19 50328.57 1058.94 895.44 51284.41 14909.20 932.47 50369.74 843.19 101829.88 90646.90 199282.75 825.32 57028.94 717.10 14767.84 90623.89 843.19 90623.89 101893.16 50342.29 56867.85 199140.91
99882.14 45818.71 179279.49 814.90 683.49 179284.07 729.24 159382.11 665.19 159482.77 99950.77 159450.74 179265.77 701.79 14812.48 14834.80 113169.60 45692.23 179384.72 711.35 820.66 51388.57 57005.93 51485.29 45885.67 825.32 101760.84 113043.03 45781.51 50310.27 179261.19 179361.85 57082.65 50365.17 113008.52 199122.61 50383.47 45766.63 90612.38 797.64 57015.69 100042.27 29049.61 179371.00 50374.32 45647.59 0.00 45759.19 45714.55 14968.72 860.93 805.99 113025.78 728.61 734.36 1006.87 918.46 57000.81 14834.80 50369.74 179366.42 866.68 50374.32 99982.79 15058.00 199214.12 14901.76 28749.33 50305.69 179357.27 917.59 811.60 820.87 51396.01 99941.62 159400.41
199204.97 850.63 28841.29 57023.19 56902.37 50269.09 828.31 14938.96 45781.51 100060.57 101996.72 871.07 14968.72 159450.74 839.05 56963.61 90675.67 90664.16 1066.38 14938.96 179256.62 676.83 28893.37 947.35 15058.00 199355.95 880.39 51314.17 101789.61 705.59 56862.10 46027.02 51522.49 50360.59 14864.56 28916.17 14723.20 199131.76 935.72 199310.20 939.91 51455.53 56988.67 50392.62 113244.39 50305.69 45759.19 0.00 99859.26 57179.37 15072.88 872.95 179288.64 50429.22 14909.20 29106.02 50442.95 56993.37 51515.05 880.22 51299.29 14797.60 14827.36 57097.53 159510.22 102019.73 29138.88 28915.69 45714.55 28796.65 50314.84 56948.73 857.35 99941.62 56933.85 14857.12
56902.37 791.89 717.10 50401.77 746.47 45610.39 783.67 90641.15 828.31 90721.69 848.20 199287.32 199232.42 751.62 50410.92 706.37 28938.01 50360.59 29013.97 57075.21 729.24 113043.03 45729.43 14953.84 852.77 15072.88 786.14 28818.97 739.03 159372.96 28766.89 199346.80 51477.85 747.54 56993.37 90641.15 45647.59 56948.73 100037.70 29027.29 179338.97 849.42 14924.08 45796.39 28933.43 50278.24 45714.55 99859.26 0.00 101927.68 57209.12 28908.25 745.87 14946.40 159469.04 179467.08 101944.94 28818.37 57142.17 90750.46 99937.04 56993.37 776.23 113163.85 51440.65 57216.56 113290.41 199182.09 728.61 45684.79 742.97 56896.62 159533.10 179279.49 701.83 56885.11
99959.92 28848.73 56936.89 159395.84 90664.16 113261.65 28871.05 113221.38 50433.80 51358.81 179361.85 1014.31 179302.37 871.07 884.80 1021.75 694.09 798.55 159427.87 100060.57 50507.00 872.43 179311.52 716.71 14730.64 835.75 159482.77 57034.69 50378.89 51477.85 56977.16 199278.17 159427.87 715.52 14961.28 100033.12 29086.81 15072.88 57179.37 770.42 798.55 101824.13 820.87 199172.94 739.03 14961.28 14968.72 57179.37 101927.68 0.00 776.23 28841.29 90715.94 57201.68 199337.65 880.39 179247.47 57097.97 902.71 102065.75 999.00 51470.41 101847.14 705.59 887.83 28996.71 159601.72 90664.16 101852.89 29086.81 51626.64 51596.88 51403.45 101818.37 45803.83 90635.40
179316.09 28910.41 179348.12 731.59 807.02 159588.00 51381.13 113198.37 28950.69 90537.59 101852.89 159533.10 733.82 57080.72 912.70 15095.19 45707.11 45714.55 676.83 159560.55 57167.01 113290.41 50438.37 57060.33 753.91 99868.41 45759.19 901.20 90727.44 15028.24 878.19 101847.14 99863.84 14894.32 57134.73 101933.43 90819.49 916.83 56977.16 753.91 761.35 113221.38 179375.57 811.60 179229.16 179380.15 860.93 15072.88 57209.12 776.23 0.00 28878.49 50429.22 113227.13 50484.12 50301.12 14916.64 179444.20 57038.01 57103.73 967.15 199333.07 199264.44 159464.47 113290.41 855.17 843.62 45803.83 14916.64 46019.58 962.58 1027.76 90589.37 837.91 179380.15 90652.66
101766.59 56985.93 50301.12 699.84 51291.85 113181.11 14723.20 813.43 28908.25 757.37 858.07 57119.85 90549.10 99982.79 57000.17 113204.12 688.34 676.83 28864.39 50392.62 100033.12 14901.76 101852.89 28871.05 768.88 51373.69 199145.49 90623.89 51343.93 14872.00 729.24 100001.10 199154.64 50282.81 28871.05 159473.62 14961.28 101927.68 14916.64 90595.13 51254.65 113152.34 28923.13 14849.68 731.59 768.88 805.99 872.95 28908.25 28841.29 28878.49 0.00 113140.84 820.66 860.93 849.42 761.27 811.60 747.54 15035.68 199310.20 28960.33 783.67 45647.59 14946.40 90687.17 50433.80 715.52 113054.54 29012.41 199305.62 28973.70 99927.89 113083.31 99927.89 199136.34
722.85 28975.21 50333.14 28960.33 179224.59 56890.87 159441.59 56856.35 694.39 159505.64 14909.20 56942.64 747.54 678.91 757.37 56879.36 57097.53 763.13 199305.62 199140.91 99950.77 50356.02 50406.35 57179.37 51522.49 977.11 728.61 660.61 45774.07 51262.09 28806.86 895.44 28916.17 179316.09 660.61 711.35 101864.40 101835.63 803.40 45796.39 99950.77 906.95 15013.36 834.47 797.87 99868.41 113025.78 179288.64 745.87 90715.94 50429.22 113140.84 0.00 783.67 101778.10 889.37 159569.70 51284.41 28908.25 50374.32 51433.21 99996.52 99969.07 113192.61 100065.15 788.72 837.91 28766.59 50310.27 90669.91 45796.39 28904.66 50369.74 814.90 99932.47 14782.72
57015.69 28990.96 113204.12 159510.22 780.38 855.17 56965.66 14738.08 697.21 858.07 28841.29 179220.01 14827.36 50342.29 101743.58 101893.16 57142.17 28900.81 906.95 724.15 57179.37 901.20 113296.17 1029.19 199314.77 57005.93 101801.11 57023.13 901.20 820.66 832.16 865.51 28904.66 90704.43 14805.04 101743.58 101973.70 100023.97 56941.29 28858.64 199200.39 199351.37 100097.18 952.97 199246.14 843.19 728.61 50429.22 14946.40 57201.68 113227.13 820.66 783.67 0.00 757.37 90738.95 975.99 28945.45 710.94 113089.06 884.80 102013.97 29042.17 15005.92 15162.15 717.10 50305.69 776.23 50369.74 1036.63 929.96 113296.17 51321.61 179380.15 51462.97 28900.81
28915.69 101979.46 895.27 984.55 179284.07 820.87 179338.97 45699.67 711.35 199287.32 113204.12 159464.47 51418.33 694.39 761.35 99909.59 179393.87 28967.77 1081.26 688.34 113152.34 179348.12 866.50 102031.23 159620.03 29031.23 28908.25 56862.10 100014.82 28835.63 90635.40 199314.77 29057.05 179375.57 99909.59 28826.41 57097.53 45751.75 826.41 159533.10 816.17 90819.49 179448.78 90790.73 984.55 50328.57 734.36 14909.20 159469.04 199337.65 50484.12 860.93 101778.10 757.37 0.00 179471.65 930.55 90554.85 56977.16 747.54 811.60 100042.27 29027.29 199305.62 51641.52 57097.53 57090.09 51336.49 28887.40 113227.13 50388.04 807.02 50406.35 199282.75 159501.07 90629.64
179375.57 199310.20 101996.72 843.19 199310.20 1027.76 28956.44 113250.14 935.72 751.62 814.90 57046.20 872.95 57313.28 947.22 179499.10 843.67 101898.91 99895.87 113319.18 113451.50 199387.98 90813.74 834.47 797.64 51239.77 28939.18 970.23 159615.45 57298.40 113313.43 14834.80 56902.37 843.62 29002.46 101985.21 980.88 100170.38 100001.10 742.97 770.42 29019.72 964.48 1021.75 820.87 1058.94 1006.87 29106.02 179467.08 880.39 50301.12 849.42 889.37 90738.95 179471.65 0.00 50442.95 46071.66 28945.45 916.83 50625.96 90871.27 884.80 878.19 1125.90 45855.91 857.35 100033.12 984.55 1085.29 29192.31 113463.00 56936.89 179407.60 29048.49 45885.67
199255.29 159418.72 865.51 28858.64 825.32 51537.37 57060.33 199314.77 1029.19 866.68 1036.63 57149.75 113215.63 1058.94 159638.33 50493.27 159427.87 57097.53 784.14 15124.95 921.40 45848.47 14849.68 199108.89 159427.87 28944.93 29012.41 179407.60 45781.51 100042.27 90687.17 29036.98 159491.92 45707.11 101967.95 50488.70 199314.77 15080.31 159606.30 883.94 57104.97 50282.81 722.85 56850.59 101858.64 895.44 918.46 50442.95 101944.94 179247.47 14916.64 761.27 159569.70 975.99 930.55 50442.95 0.00 90813.74 999.43 113422.73 51626.64 179343.54 14857.12 51276.97 99927.89 159629.18 50552.75 14991.04 50383.47 918.46 100115.48 964.48 113255.90 14834.80 28910.41 199250.72
56948.40 50433.80 51388.57 57057.70 113117.82 731.59 90658.41 14879.44 101818.37 929.96 57194.24 45848.47 925.03 159382.11 28938.01 28744.57 29042.17 807.02 46027.02 99927.89 56862.10 99946.19 179371.00 50484.12 29059.99 159620.03 14901.76 50291.96 51403.45 199145.49 28841.38 102042.74 199314.77 932.47 101812.62 101847.14 757.37 28789.60 954.79 45915.43 57023.19 947.22 1021.75 159569.70 999.43 51284.41 57000.81 56993.37 28818.37 57097.97 179444.20 811.60 51284.41 28945.45 90554.85 46071.66 90813.74 0.00 100019.40 28927.67 50342.29 902.71 179343.54 901.20 100078.87 199291.90 57186.80 99946.19 843.19 14879.44 14819.92 179284.07 113250.14 100005.67 99946.19 51366.25
50328.57 28956.44 56982.91 780.38 828.31 14991.04 99950.77 179247.47 738.39 101783.85 179210.86 56873.61 99877.56 159496.49 45721.99 179375.57 14901.76 28812.61 101881.66 828.31 179421.32 912.70 101985.21 14998.48 113209.87 774.63 746.47 814.90 28967.94 101910.42 28967.77 724.67 56896.62 159501.07 159446.17 199168.36 57231.44 924.21 683.49 28772.34 28795.35 199319.35 29101.69 991.99 45721.99 14909.20 14834.80 51515.05 57142.17 902.71 57038.01 747.54 28908.25 710.94 56977.16 28945.45 999.43 100019.40 0.00 779.57 50511.58 15080.31 51477.85 51440.65 113342.19 722.85 28863.61 724.67 28870.14 102025.48 975.99 100097.18 45595.51 51455.53 100014.82 774.63
101921.93 102065.75 57224.00 113296.17 14961.28 179393.87 28985.20 752.12 50346.87 969.67 113169.60 179252.04 90687.17 57075.21 179229.16 100014.82 898.52 834.47 921.40 113094.81 179412.17 903.10 102088.76 102100.27 944.28 57092.22 50392.62 793.29 912.25 50429.22 51515.05 101933.43 113278.91 29131.44 179325.24 45707.11 199342.22 929.96 99937.04 90704.43 29027.29 179521.98 179521.98 50557.33 57231.44 932.47 50369.74 880.22 90750.46 102065.75 57103.73 15035.68 50374.32 113089.06 747.54 916.83 113422.73 28927.67 779.57 0.00 987.49 948.85 45997.26 15124.95 51768.00 90589.37 14790.16 99982.79 199287.32 930.55 1058.94 102048.49 99991.94 113330.69 15072.88 101933.43
