TYPE : GCVRP
DIMENSION :  12
CAPACITY :  9000
NUMBER OF VEHICLES :  5
EDGE_WEIGHT_SECTION
0	415506	424557	425092	422294	420223	421636	420237	418593	421939	417892	416562
415506	0	178547	179162	176277	173568	175521	350835	179574	183419	178768	177239
424557	178547	0	168536	171897	178335	171140	191879	189990	193836	189185	187656
425092	179162	168536	0	172512	178949	171755	192494	190605	194450	189800	180911
422294	176277	171897	172512	0	175789	168473	189611	187721	191566	186915	185387
420223	173568	178335	178949	175789	0	175033	186900	185010	188855	184205	182676
421636	175521	171140	171755	168473	175033	0	188849	186960	190805	186154	184625
420237	181462	191879	192494	189611	186900	188849	0	171631	175460	179509	180213
418593	179574	189990	190605	187721	185010	186960	171631	0	171660	177619	178324
421939	183419	193836	194450	191566	188855	190805	175460	171660	0	181464	182169
417892	178768	189185	189800	186915	184205	186154	179509	177619	181464	0	177482
416562	177239	187656	180911	185387	182676	184625	180213	178324	182169	177482	0
TYPE_OF_ARC
CONDITION_OF_ARC
DEMAND_SECTION
1 0
2 2450
3 4300
4 1600
5 3500
6 4500
7 2450
8 4200
9 1200
10 4500
11 4100
12 5000
