TYPE GCVRP
DIMENSION 19
CAPACITY 160
NUMBER_OF_VEHICLES 2
EDGE_WEIGHT_SECTION
0 48 49 56 58 50 47 51 8979 58 63 56 59 8419 53 8698 59 12052 47
48 0 44 5346 45 50 45 49 5625 54 41 51 55 56 49 53 56 58 45
49 44 0 51 9430 42 45 704 47 2927 47 68 5371 49 55 53 5149 56 41
56 5346 51 0 50 56 51 52 1993 55 3390 60 49 55 48 80 46 3390 8140
58 45 9430 50 0 60 52 10514 52 96 45 42 4734 64 52 64 88 67 10875
50 50 42 56 60 0 2705 43 70 59 7301 63 7816 41 56 41 11236 61 41
47 45 45 51 52 2705 0 42 54 59 3594 58 65 47 6260 49 51 60 42
51 49 704 52 10514 43 42 0 4788 2260 57 96 50 44 51 2705 51 56 45
8979 5625 47 1993 52 70 54 4788 0 50 45 58 50 54 54 53 45 44 51
58 54 2927 55 96 59 59 2260 50 0 53 65 55 49 13043 45 72 9792 46
63 41 47 3390 45 7301 3594 57 45 53 0 48 2260 57 44 60 50 53 52
56 51 68 60 42 63 58 96 58 65 48 0 48 70 45 67 12682 58 13404
59 55 5371 49 4734 7816 65 50 50 55 2260 48 0 58 44 79 58 50 7150
8419 56 49 55 64 41 47 44 54 49 57 70 58 0 10260 1371 13043 62 47
53 49 55 48 52 56 6260 51 54 13043 44 45 44 10260 0 9594 64 49 7594
8698 53 53 80 64 41 49 2705 53 45 60 67 79 1371 9594 0 57 60 48
59 56 5149 46 88 11236 51 51 45 72 50 12682 58 13043 64 57 0 2205 72
12052 58 56 3390 67 61 60 56 44 9792 53 58 50 62 49 60 2205 0 8483
47 45 41 8140 10875 41 42 45 51 46 52 13404 7150 47 7594 48 72 8483 0
TYPE_OF_ARC
-1 1 0 1 2 1 0 0 1 2 1 2 1 1 1 1 1 1 0
1 -1 0 1 2 1 0 0 1 2 1 2 0 1 0 1 2 2 0
0 0 -1 1 2 0 0 0 1 0 0 2 0 0 0 0 0 0 0
1 1 1 -1 2 1 1 1 1 1 1 2 1 1 1 1 1 1 1
2 2 2 2 -1 2 2 2 2 2 2 2 2 2 2 2 2 2 2
1 1 0 1 2 -1 0 0 1 2 1 2 0 0 0 0 2 2 0
0 0 0 1 2 0 -1 0 1 0 0 2 0 0 0 0 0 0 0
0 0 0 1 2 0 0 -1 1 0 0 2 0 0 0 0 0 0 0
1 1 1 1 2 1 1 1 -1 1 1 2 1 1 1 1 1 1 1
2 2 0 1 2 2 0 0 1 -1 2 2 2 2 2 2 2 2 0
1 1 0 1 2 1 0 0 1 2 -1 2 0 1 0 1 2 2 0
2 2 2 2 2 2 2 2 2 2 2 -1 2 2 2 2 2 2 2
1 0 0 1 2 0 0 0 1 2 0 2 -1 0 0 0 0 0 0
1 1 0 1 2 0 0 0 1 2 1 2 0 -1 0 0 2 2 0
1 0 0 1 2 0 0 0 1 2 0 2 0 0 -1 0 0 0 0
1 1 0 1 2 0 0 0 1 2 1 2 0 0 0 -1 2 2 0
1 2 0 1 2 2 0 0 1 2 2 2 0 2 0 2 -1 2 0
1 2 0 1 2 2 0 0 1 2 2 2 0 2 0 2 2 -1 0
0 0 0 1 2 0 0 0 1 0 0 2 0 0 0 0 0 0 -1
CONDITION_OF_ARC
-1 0 0 0 3 2 0 0 5 2 4 2 3 5 2 5 2 5 0
0 -1 2 5 2 2 3 0 5 2 2 0 4 0 0 2 0 0 1
0 2 -1 0 5 1 0 5 2 5 0 3 5 0 3 4 5 3 1
0 5 0 -1 1 0 2 0 5 3 5 3 4 1 0 4 3 5 5
3 2 5 1 -1 2 2 5 1 4 1 2 5 1 4 2 4 3 5
2 2 1 0 2 -1 5 3 4 4 5 1 5 2 2 1 5 0 1
0 3 0 2 2 5 -1 1 3 4 5 0 4 1 5 0 2 3 3
0 0 5 0 5 3 1 -1 5 5 4 4 1 2 1 5 0 3 0
5 5 2 5 1 4 3 5 -1 3 1 0 3 2 3 0 0 2 2
2 2 5 3 4 4 4 5 3 -1 2 2 1 0 5 3 4 5 2
4 2 0 5 1 5 5 4 1 2 -1 1 5 0 2 3 2 2 3
2 0 3 3 2 1 0 4 0 2 1 -1 2 2 2 0 5 1 5
3 4 5 4 5 5 4 1 3 1 5 2 -1 0 4 4 4 3 5
5 0 0 1 1 2 1 2 2 0 0 2 0 -1 5 5 5 1 3
2 0 3 0 4 2 5 1 3 5 2 2 4 5 -1 5 4 2 5
5 2 4 4 2 1 0 5 0 3 3 0 4 5 5 -1 2 2 3
2 0 5 3 4 5 2 0 0 4 2 5 4 5 4 2 -1 5 4
5 0 3 5 3 0 3 3 2 5 2 1 3 1 2 2 5 -1 5
0 1 1 5 5 1 3 0 2 2 3 5 5 3 5 3 4 5 -1
DISTANCE
0 13 19 32 22 23 12 22 32 32 20 28 29 30 29 31 39 43 15
13 0 15 19 11 24 12 18 20 26 7 18 16 32 17 30 27 31 18
19 15 0 21 26 10 7 3 17 13 15 33 24 18 28 15 23 29 8
32 19 21 0 21 31 25 23 7 24 12 25 9 37 15 32 10 12 29
22 11 26 21 0 35 23 29 26 36 12 7 13 44 9 41 31 32 30
23 24 10 31 35 0 12 8 25 13 26 43 35 8 39 9 31 37 7
12 12 7 25 23 12 0 10 22 20 16 30 26 21 28 20 29 35 6
22 18 3 23 29 8 10 0 17 10 18 36 27 15 31 12 24 30 9
32 20 17 7 26 25 22 17 0 16 15 31 16 31 22 25 7 12 25
32 26 13 24 36 13 20 10 16 0 25 43 31 15 36 9 21 27 18
20 7 15 12 12 26 16 18 15 25 0 18 10 34 13 30 20 24 22
28 18 33 25 7 43 30 36 31 43 18 0 16 51 10 48 35 36 37
29 16 24 9 13 35 26 27 16 31 10 16 0 42 6 38 19 20 32
30 32 18 37 44 8 21 15 31 15 34 51 42 0 46 6 36 42 15
29 17 28 15 9 39 28 31 22 36 13 10 6 46 0 43 25 26 34
31 30 15 32 41 9 20 12 25 9 30 48 38 6 43 0 30 36 16
39 27 23 10 31 31 29 24 7 21 20 35 19 36 25 30 0 6 32
43 31 29 12 32 37 35 30 12 27 24 36 20 42 26 36 6 0 38
15 18 8 29 30 7 6 9 25 18 22 37 32 15 34 16 32 38 0
DAMAGES
0 0 0
0 0 0.0167
0 0.0167 0.0391
0.0167 0.0391 0.0616
0.0391 0.0616 0.0941
0.0616 0.0941 0.1267
DEMAND_SECTION
1 0
2 19
3 30
4 16
5 23
6 11
7 31
8 15
9 28
10 14
11 8
12 7
13 14
14 19
15 11
16 26
17 17
18 6
19 15
