TYPE GCVRP
DIMENSION 19
CAPACITY 160
NUMBER_OF_VEHICLES 2
EDGE_WEIGHT_SECTION
0 48 50 56 54 50 47 52 8979 55 63 53 59 8419 53 8698 63 15572 48
48 0 45 6901 45 50 47 50 7263 49 41 51 55 56 49 53 56 58 47
50 45 0 53 9430 43 45 876 49 2927 48 68 5371 50 55 57 8347 64 41
56 6901 53 0 50 58 53 54 2567 53 4373 60 47 55 47 80 47 4373 10514
54 45 9430 50 0 60 52 10514 52 96 45 42 2927 64 47 64 88 67 10875
50 50 43 58 60 0 3390 43 78 52 7301 63 7816 42 56 42 11236 61 41
47 47 45 53 52 3390 0 43 58 59 4508 58 65 49 6260 51 56 69 42
52 50 876 54 10514 43 43 0 6179 2260 61 96 50 45 51 3390 55 65 46
8979 7263 49 2567 52 78 58 6179 0 48 46 58 48 54 52 53 46 45 53
55 49 2927 53 96 52 59 2260 48 0 49 65 51 48 8038 44 72 9792 46
63 41 48 4373 45 7301 4508 61 46 49 0 48 2260 57 44 60 50 53 54
53 51 68 60 42 63 58 96 58 65 48 0 45 70 43 67 12682 58 13404
59 55 5371 47 2927 7816 65 50 48 51 2260 45 0 58 44 79 68 55 7150
8419 56 50 55 64 42 49 45 54 48 57 70 58 0 10260 1714 13043 62 48
53 49 55 47 47 56 6260 51 52 8038 44 43 44 10260 0 9594 78 54 7594
8698 53 57 80 64 42 51 3390 53 44 60 67 79 1714 9594 0 57 60 50
63 56 8347 47 88 11236 56 55 46 72 50 12682 68 13043 78 57 0 2205 90
15572 58 64 4373 67 61 69 65 45 9792 53 58 55 62 54 60 2205 0 13766
48 47 41 10514 10875 41 42 46 53 46 54 13404 7150 48 7594 50 90 13766 0
TYPE_OF_ARC
-1 1 1 1 1 1 1 1 1 1 1 1 1 1 1 1 2 2 1
1 -1 1 2 2 1 1 1 2 0 0 2 0 1 0 1 2 2 1
1 1 -1 2 2 1 1 1 2 0 1 2 0 1 0 1 2 2 1
1 2 2 -1 2 2 2 2 2 0 2 2 0 1 0 1 2 2 2
1 2 2 2 -1 2 2 2 2 2 2 2 0 2 0 2 2 2 2
1 1 1 2 2 -1 1 1 2 0 1 2 0 1 0 1 2 2 1
1 1 1 2 2 1 -1 1 2 0 1 2 0 1 0 1 2 2 1
1 1 1 2 2 1 1 -1 2 0 1 2 0 1 0 1 2 2 1
1 2 2 2 2 2 2 2 -1 0 2 2 0 1 0 1 2 2 2
1 0 0 0 2 0 0 0 0 -1 0 2 0 1 0 1 2 2 0
1 0 1 2 2 1 1 1 2 0 -1 2 0 1 0 1 2 2 1
1 2 2 2 2 2 2 2 2 2 2 -1 0 2 0 2 2 2 2
1 0 0 0 0 0 0 0 0 0 0 0 -1 0 0 0 2 2 0
1 1 1 1 2 1 1 1 1 1 1 2 0 -1 0 1 2 2 1
1 0 0 0 0 0 0 0 0 0 0 0 0 0 -1 0 2 2 0
1 1 1 1 2 1 1 1 1 1 1 2 0 1 0 -1 2 2 1
2 2 2 2 2 2 2 2 2 2 2 2 2 2 2 2 -1 2 2
2 2 2 2 2 2 2 2 2 2 2 2 2 2 2 2 2 -1 2
1 1 1 2 2 1 1 1 2 0 1 2 0 1 0 1 2 2 -1
CONDITION_OF_ARC
-1 0 0 0 3 2 0 0 5 2 4 2 3 5 2 5 2 5 0
0 -1 2 5 2 2 3 0 5 2 2 0 4 0 0 2 0 0 1
0 2 -1 0 5 1 0 5 2 5 0 3 5 0 3 4 5 3 1
0 5 0 -1 1 0 2 0 5 3 5 3 4 1 0 4 3 5 5
3 2 5 1 -1 2 2 5 1 4 1 2 5 1 4 2 4 3 5
2 2 1 0 2 -1 5 3 4 4 5 1 5 2 2 1 5 0 1
0 3 0 2 2 5 -1 1 3 4 5 0 4 1 5 0 2 3 3
0 0 5 0 5 3 1 -1 5 5 4 4 1 2 1 5 0 3 0
5 5 2 5 1 4 3 5 -1 3 1 0 3 2 3 0 0 2 2
2 2 5 3 4 4 4 5 3 -1 2 2 1 0 5 3 4 5 2
4 2 0 5 1 5 5 4 1 2 -1 1 5 0 2 3 2 2 3
2 0 3 3 2 1 0 4 0 2 1 -1 2 2 2 0 5 1 5
3 4 5 4 5 5 4 1 3 1 5 2 -1 0 4 4 4 3 5
5 0 0 1 1 2 1 2 2 0 0 2 0 -1 5 5 5 1 3
2 0 3 0 4 2 5 1 3 5 2 2 4 5 -1 5 4 2 5
5 2 4 4 2 1 0 5 0 3 3 0 4 5 5 -1 2 2 3
2 0 5 3 4 5 2 0 0 4 2 5 4 5 4 2 -1 5 4
5 0 3 5 3 0 3 3 2 5 2 1 3 1 2 2 5 -1 5
0 1 1 5 5 1 3 0 2 2 3 5 5 3 5 3 4 5 -1
DISTANCE
0 13 19 32 22 23 12 22 32 32 20 28 29 30 29 31 39 43 15
13 0 15 19 11 24 12 18 20 26 7 18 16 32 17 30 27 31 18
19 15 0 21 26 10 7 3 17 13 15 33 24 18 28 15 23 29 8
32 19 21 0 21 31 25 23 7 24 12 25 9 37 15 32 10 12 29
22 11 26 21 0 35 23 29 26 36 12 7 13 44 9 41 31 32 30
23 24 10 31 35 0 12 8 25 13 26 43 35 8 39 9 31 37 7
12 12 7 25 23 12 0 10 22 20 16 30 26 21 28 20 29 35 6
22 18 3 23 29 8 10 0 17 10 18 36 27 15 31 12 24 30 9
32 20 17 7 26 25 22 17 0 16 15 31 16 31 22 25 7 12 25
32 26 13 24 36 13 20 10 16 0 25 43 31 15 36 9 21 27 18
20 7 15 12 12 26 16 18 15 25 0 18 10 34 13 30 20 24 22
28 18 33 25 7 43 30 36 31 43 18 0 16 51 10 48 35 36 37
29 16 24 9 13 35 26 27 16 31 10 16 0 42 6 38 19 20 32
30 32 18 37 44 8 21 15 31 15 34 51 42 0 46 6 36 42 15
29 17 28 15 9 39 28 31 22 36 13 10 6 46 0 43 25 26 34
31 30 15 32 41 9 20 12 25 9 30 48 38 6 43 0 30 36 16
39 27 23 10 31 31 29 24 7 21 20 35 19 36 25 30 0 6 32
43 31 29 12 32 37 35 30 12 27 24 36 20 42 26 36 6 0 38
15 18 8 29 30 7 6 9 25 18 22 37 32 15 34 16 32 38 0
DAMAGES
0 0 0
0 0 0.0167
0 0.0167 0.0391
0.0167 0.0391 0.0616
0.0391 0.0616 0.0941
0.0616 0.0941 0.1267
DEMAND_SECTION
1 0
2 19
3 30
4 16
5 23
6 11
7 31
8 15
9 28
10 14
11 8
12 7
13 14
14 19
15 11
16 26
17 17
18 6
19 15
