TYPE GCVRP
DIMENSION 16
CAPACITY 35
NUMBER_OF_VEHICLES 8
EDGE_WEIGHT_SECTION
0 48 51 59 52 48 47 52 11598 53 63 51 64 6482 51 10514
48 0 44 6901 44 50 45 50 7263 51 41 50 64 51 56 49
51 44 0 49 6185 46 46 2273 45 3949 46 59 5067 46 55 68
59 6901 49 0 50 58 53 54 2567 59 4373 60 52 48 61 62
52 44 6185 50 0 60 48 8140 52 84 44 41 4734 52 110 43
48 50 46 58 60 0 2705 43 78 59 7301 63 12682 48 43 61
47 45 46 53 48 2705 0 43 58 59 3594 54 65 45 4705 53
52 50 2273 54 8140 43 43 0 6179 2832 61 84 51 42 45 8698
11598 7263 45 2567 52 78 58 6179 0 53 46 58 53 45 65 54
53 51 3949 59 84 59 59 2832 53 0 51 61 55 45 5456 70
63 41 46 4373 44 7301 3594 61 46 51 0 47 3651 50 56 49
51 50 59 60 41 63 54 84 58 61 47 0 48 57 70 47
64 64 5067 52 4734 12682 65 51 53 55 3651 48 0 55 106 48
6482 51 46 48 52 48 45 42 45 45 50 57 55 0 7625 10514
51 56 55 61 110 43 4705 45 65 5456 56 70 106 7625 0 16655
10514 49 68 62 43 61 53 8698 54 70 49 47 48 10514 16655 0
TYPE_OF_ARC
-1 1 1 2 0 0 0 1 2 0 1 0 2 0 0 2
1 -1 1 2 1 1 0 1 2 1 1 1 2 1 1 2
1 1 -1 2 1 1 1 1 2 1 1 1 1 1 1 1
2 2 2 -1 2 2 2 2 2 2 2 2 2 2 2 2
0 1 1 2 -1 2 0 1 2 1 1 1 2 1 2 2
0 1 1 2 2 -1 0 1 2 2 1 2 2 2 2 2
0 0 1 2 0 0 -1 1 2 0 0 0 0 0 0 0
1 1 1 2 1 1 1 -1 2 1 1 1 1 1 1 1
2 2 2 2 2 2 2 2 -1 2 2 2 2 2 2 2
0 1 1 2 1 2 0 1 2 -1 1 1 2 0 2 2
1 1 1 2 1 1 0 1 2 1 -1 1 2 1 1 2
0 1 1 2 1 2 0 1 2 1 1 -1 2 1 2 2
2 2 1 2 2 2 0 1 2 2 2 2 -1 2 2 2
0 1 1 2 1 2 0 1 2 0 1 1 2 -1 2 2
0 1 1 2 2 2 0 1 2 2 1 2 2 2 -1 2
2 2 1 2 2 2 0 1 2 2 2 2 2 2 2 -1
CONDITION_OF_ARC
-1 0 0 0 3 2 0 0 5 2 4 2 3 5 2 5
0 -1 2 5 2 2 3 0 5 2 2 0 4 0 0 2
0 2 -1 0 5 1 0 5 2 5 0 3 5 0 3 4
0 5 0 -1 1 0 2 0 5 3 5 3 4 1 0 4
3 2 5 1 -1 2 2 5 1 4 1 2 5 1 4 2
2 2 1 0 2 -1 5 3 4 4 5 1 5 2 2 1
0 3 0 2 2 5 -1 1 3 4 5 0 4 1 5 0
0 0 5 0 5 3 1 -1 5 5 4 4 1 2 1 5
5 5 2 5 1 4 3 5 -1 3 1 0 3 2 3 0
2 2 5 3 4 4 4 5 3 -1 2 2 1 0 5 3
4 2 0 5 1 5 5 4 1 2 -1 1 5 0 2 3
2 0 3 3 2 1 0 4 0 2 1 -1 2 2 2 0
3 4 5 4 5 5 4 1 3 1 5 2 -1 0 4 4
5 0 0 1 1 2 1 2 2 0 0 2 0 -1 5 5
2 0 3 0 4 2 5 1 3 5 2 2 4 5 -1 5
5 2 4 4 2 1 0 5 0 3 3 0 4 5 5 -1
DISTANCE
0 13 21 32 22 23 12 22 32 32 20 28 29 29 30 29
13 0 12 19 11 24 12 18 20 26 7 18 16 21 32 17
21 12 0 15 22 16 10 8 12 14 10 29 18 9 23 23
32 19 15 0 21 31 25 23 7 24 12 25 9 17 37 15
22 11 22 21 0 35 23 29 26 36 12 7 13 30 44 9
23 24 16 31 35 0 12 8 25 13 26 43 35 16 8 39
12 12 10 25 23 12 0 10 22 20 16 30 26 17 21 28
22 18 8 23 29 8 10 0 17 10 18 36 27 9 15 31
32 20 12 7 26 25 22 17 0 16 15 31 16 10 31 22
32 26 14 24 36 13 20 10 16 0 25 43 31 7 15 36
20 7 10 12 12 26 16 18 15 25 0 18 10 18 34 13
28 18 29 25 7 43 30 36 31 43 18 0 16 36 51 10
29 16 18 9 13 35 26 27 16 31 10 16 0 24 42 6
29 21 9 17 30 16 17 9 10 7 18 36 24 0 21 29
30 32 23 37 44 8 21 15 31 15 34 51 42 21 0 46
29 17 23 15 9 39 28 31 22 36 13 10 6 29 46 0
DAMAGES
0 0 0
0 0 0.0167
0 0.0167 0.0391
0.0167 0.0391 0.0616
0.0391 0.0616 0.0941
0.0616 0.0941 0.1267
DEMAND_SECTION
1 0
2 19
3 30
4 16
5 23
6 11
7 31
8 15
9 28
10 8
11 8
12 7
13 14
14 6
15 19
16 11
