TYPE GCVRP
DIMENSION 16
CAPACITY 35
NUMBER_OF_VEHICLES 8
EDGE_WEIGHT_SECTION
0 47 50 56 52 48 48 51 8979 58 59 51 59 10514 51 8140
47 0 43 4260 43 49 49 49 4482 49 41 49 59 50 54 47
50 43 0 48 6185 47 47 2273 44 5095 45 59 5067 46 59 68
56 4260 48 0 49 56 53 52 1993 59 2705 56 49 48 58 57
52 43 6185 49 0 60 52 8140 50 96 43 41 3670 55 110 42
48 49 47 56 60 0 4373 45 70 59 5815 63 9816 48 43 57
48 49 47 53 52 4373 0 44 58 70 5818 58 80 48 7625 57
51 49 2273 52 8140 45 44 0 4788 3651 57 84 51 43 46 8698
8979 4482 44 1993 50 70 58 4788 0 53 44 56 50 45 60 52
58 49 5095 59 96 59 70 3651 53 0 49 65 53 46 5456 64
59 41 45 2705 43 5815 5818 57 44 49 0 45 2832 49 53 47
51 49 59 56 41 63 58 84 56 65 45 0 47 60 70 46
59 59 5067 49 3670 9816 80 51 50 53 2832 47 0 53 92 46
10514 50 46 48 55 48 48 43 45 46 49 60 53 0 7625 8140
51 54 59 58 110 43 7625 46 60 5456 53 70 92 7625 0 12890
8140 47 68 57 42 57 57 8698 52 64 47 46 46 8140 12890 0
TYPE_OF_ARC
-1 0 0 1 0 0 2 0 1 2 0 0 1 2 0 1
0 -1 0 0 0 0 2 0 0 0 0 0 1 0 0 1
0 0 -1 1 1 2 2 1 1 2 0 1 1 2 2 1
1 0 1 -1 1 1 2 1 1 2 0 1 1 2 1 1
0 0 1 1 -1 2 2 1 1 2 0 0 1 2 2 1
0 0 2 1 2 -1 2 2 1 2 0 2 1 2 2 1
2 2 2 2 2 2 -1 2 2 2 2 2 2 2 2 2
0 0 1 1 1 2 2 -1 1 2 0 1 1 2 2 1
1 0 1 1 1 1 2 1 -1 2 0 1 1 2 1 1
2 0 2 2 2 2 2 2 2 -1 0 2 1 2 2 1
0 0 0 0 0 0 2 0 0 0 -1 0 1 0 0 1
0 0 1 1 0 2 2 1 1 2 0 -1 1 2 2 1
1 1 1 1 1 1 2 1 1 1 1 1 -1 1 1 1
2 0 2 2 2 2 2 2 2 2 0 2 1 -1 2 1
0 0 2 1 2 2 2 2 1 2 0 2 1 2 -1 1
1 1 1 1 1 1 2 1 1 1 1 1 1 1 1 -1
CONDITION_OF_ARC
-1 0 0 0 3 2 0 0 5 2 4 2 3 5 2 5
0 -1 2 5 2 2 3 0 5 2 2 0 4 0 0 2
0 2 -1 0 5 1 0 5 2 5 0 3 5 0 3 4
0 5 0 -1 1 0 2 0 5 3 5 3 4 1 0 4
3 2 5 1 -1 2 2 5 1 4 1 2 5 1 4 2
2 2 1 0 2 -1 5 3 4 4 5 1 5 2 2 1
0 3 0 2 2 5 -1 1 3 4 5 0 4 1 5 0
0 0 5 0 5 3 1 -1 5 5 4 4 1 2 1 5
5 5 2 5 1 4 3 5 -1 3 1 0 3 2 3 0
2 2 5 3 4 4 4 5 3 -1 2 2 1 0 5 3
4 2 0 5 1 5 5 4 1 2 -1 1 5 0 2 3
2 0 3 3 2 1 0 4 0 2 1 -1 2 2 2 0
3 4 5 4 5 5 4 1 3 1 5 2 -1 0 4 4
5 0 0 1 1 2 1 2 2 0 0 2 0 -1 5 5
2 0 3 0 4 2 5 1 3 5 2 2 4 5 -1 5
5 2 4 4 2 1 0 5 0 3 3 0 4 5 5 -1
DISTANCE
0 13 21 32 22 23 12 22 32 32 20 28 29 29 30 29
13 0 12 19 11 24 12 18 20 26 7 18 16 21 32 17
21 12 0 15 22 16 10 8 12 14 10 29 18 9 23 23
32 19 15 0 21 31 25 23 7 24 12 25 9 17 37 15
22 11 22 21 0 35 23 29 26 36 12 7 13 30 44 9
23 24 16 31 35 0 12 8 25 13 26 43 35 16 8 39
12 12 10 25 23 12 0 10 22 20 16 30 26 17 21 28
22 18 8 23 29 8 10 0 17 10 18 36 27 9 15 31
32 20 12 7 26 25 22 17 0 16 15 31 16 10 31 22
32 26 14 24 36 13 20 10 16 0 25 43 31 7 15 36
20 7 10 12 12 26 16 18 15 25 0 18 10 18 34 13
28 18 29 25 7 43 30 36 31 43 18 0 16 36 51 10
29 16 18 9 13 35 26 27 16 31 10 16 0 24 42 6
29 21 9 17 30 16 17 9 10 7 18 36 24 0 21 29
30 32 23 37 44 8 21 15 31 15 34 51 42 21 0 46
29 17 23 15 9 39 28 31 22 36 13 10 6 29 46 0
DAMAGES
0 0 0
0 0 0.0167
0 0.0167 0.0391
0.0167 0.0391 0.0616
0.0391 0.0616 0.0941
0.0616 0.0941 0.1267
DEMAND_SECTION
1 0
2 19
3 30
4 16
5 23
6 11
7 31
8 15
9 28
10 8
11 8
12 7
13 14
14 6
15 19
16 11
