TYPE GCVRP
DIMENSION 22
CAPACITY 160
NUMBER_OF_VEHICLES 2
EDGE_WEIGHT_SECTION
0 49 50 59 54 52 48 54 11598 58 70 53 64 6482 57 10514 45 11236 63 63 47 9430
49 0 43 5346 44 53 49 51 5625 51 41 50 55 50 56 46 45 55 51 8698 49 55
50 43 0 47 6185 45 47 1815 43 3149 45 59 4038 45 52 62 2483 50 46 53 5095 44
59 5346 47 0 49 58 53 54 1593 55 3390 56 47 45 58 53 54 8979 2260 45 56 56
54 44 6185 49 0 56 52 8140 50 84 44 41 3670 52 95 42 60 68 8698 55 10875 64
52 53 45 58 56 0 4373 45 78 55 9430 59 7816 45 42 55 6901 46 55 59 2567 1844
48 49 47 53 52 4373 0 44 58 70 5818 58 80 48 7625 57 42 55 64 69 41 46
54 51 1815 54 8140 45 44 0 6179 2832 67 84 50 41 45 6926 49 47 55 58 3289 46
11598 5625 43 1593 50 78 58 6179 0 50 45 56 48 43 60 51 52 51 41 51 55 50
58 51 3149 55 84 55 70 2832 50 0 51 61 53 45 4228 64 69 2552 49 7582 49 41
70 41 45 3390 44 9430 5818 67 45 51 0 47 2260 49 56 46 44 53 52 6743 58 59
53 50 59 56 41 59 58 84 56 61 47 0 47 57 65 46 6743 61 9816 84 13404 58
64 55 4038 47 3670 7816 80 50 48 53 2260 47 0 51 92 44 61 66 4260 50 57 72
6482 50 45 45 52 45 48 41 43 45 49 57 51 0 4705 6482 4482 44 47 61 54 45
57 56 52 58 95 42 7625 45 60 4228 56 65 92 4705 0 12890 73 41 10095 61 47 2832
10514 46 62 53 42 55 57 6926 51 64 46 46 44 6482 12890 0 48 61 53 52 12321 53
45 45 2483 54 60 6901 42 49 52 69 44 6743 61 4482 73 48 0 7301 75 9258 49 7263
11236 55 50 8979 68 46 55 47 51 2552 53 61 66 44 41 61 7301 0 8419 57 47 41
63 51 46 2260 8698 55 64 55 41 49 52 9816 4260 47 10095 53 75 8419 0 44 11598 55
63 8698 53 45 55 59 69 58 51 7582 6743 84 50 61 61 52 9258 57 44 0 62 90
47 49 5095 56 10875 2567 41 3289 55 49 58 13404 57 54 47 12321 49 47 11598 62 0 56
9430 55 44 56 64 1844 46 46 50 41 59 58 72 45 2832 53 7263 41 55 90 56 0
TYPE_OF_ARC
-1 2 0 2 1 2 2 2 2 2 2 1 2 0 2 2 2 2 2 2 2 2
2 -1 0 1 1 2 2 2 1 1 1 1 0 0 1 0 1 1 1 1 2 2
0 0 -1 0 1 0 2 0 0 0 0 1 0 0 0 0 0 0 0 0 2 0
2 1 0 -1 1 2 2 2 0 1 1 1 0 0 1 0 1 1 0 0 2 2
1 1 1 1 -1 1 2 1 1 1 1 1 1 1 1 1 1 1 1 1 2 1
2 2 0 2 1 -1 2 2 2 1 2 1 0 0 1 0 2 1 2 2 2 2
2 2 2 2 2 2 -1 2 2 2 2 2 2 2 2 2 2 2 2 2 2 2
2 2 0 2 1 2 2 -1 2 1 2 1 0 0 1 0 2 1 2 2 2 2
2 1 0 0 1 2 2 2 -1 1 1 1 0 0 1 0 1 1 0 0 2 2
2 1 0 1 1 1 2 1 1 -1 1 1 1 0 1 1 1 1 1 1 2 1
2 1 0 1 1 2 2 2 1 1 -1 1 0 0 1 0 1 1 1 1 2 2
1 1 1 1 1 1 2 1 1 1 1 -1 1 1 1 1 1 1 1 1 2 1
2 0 0 0 1 0 2 0 0 1 0 1 -1 0 1 0 0 1 0 0 2 0
0 0 0 0 1 0 2 0 0 0 0 1 0 -1 0 0 0 0 0 0 2 0
2 1 0 1 1 1 2 1 1 1 1 1 1 0 -1 1 1 1 1 1 2 1
2 0 0 0 1 0 2 0 0 1 0 1 0 0 1 -1 0 1 0 0 2 0
2 1 0 1 1 2 2 2 1 1 1 1 0 0 1 0 -1 1 1 1 2 2
2 1 0 1 1 1 2 1 1 1 1 1 1 0 1 1 1 -1 1 1 2 1
2 1 0 0 1 2 2 2 0 1 1 1 0 0 1 0 1 1 -1 0 2 2
2 1 0 0 1 2 2 2 0 1 1 1 0 0 1 0 1 1 0 -1 2 2
2 2 2 2 2 2 2 2 2 2 2 2 2 2 2 2 2 2 2 2 -1 2
2 2 0 2 1 2 2 2 2 1 2 1 0 0 1 0 2 1 2 2 2 -1
CONDITION_OF_ARC
-1 0 0 0 3 2 0 0 5 2 4 2 3 5 2 5 2 5 0 1 2 5
0 -1 2 5 2 2 3 0 5 2 2 0 4 0 0 2 0 0 1 5 2 0
0 2 -1 0 5 1 0 5 2 5 0 3 5 0 3 4 5 3 1 3 5 2
0 5 0 -1 1 0 2 0 5 3 5 3 4 1 0 4 3 5 5 3 2 0
3 2 5 1 -1 2 2 5 1 4 1 2 5 1 4 2 4 3 5 2 5 3
2 2 1 0 2 -1 5 3 4 4 5 1 5 2 2 1 5 0 1 1 5 5
0 3 0 2 2 5 -1 1 3 4 5 0 4 1 5 0 2 3 3 3 1 2
0 0 5 0 5 3 1 -1 5 5 4 4 1 2 1 5 0 3 0 0 5 4
5 5 2 5 1 4 3 5 -1 3 1 0 3 2 3 0 0 2 2 4 0 1
2 2 5 3 4 4 4 5 3 -1 2 2 1 0 5 3 4 5 2 5 2 2
4 2 0 5 1 5 5 4 1 2 -1 1 5 0 2 3 2 2 3 5 3 3
2 0 3 3 2 1 0 4 0 2 1 -1 2 2 2 0 5 1 5 4 5 1
3 4 5 4 5 5 4 1 3 1 5 2 -1 0 4 4 4 3 5 3 1 4
5 0 0 1 1 2 1 2 2 0 0 2 0 -1 5 5 5 1 3 4 3 3
2 0 3 0 4 2 5 1 3 5 2 2 4 5 -1 5 4 2 5 0 2 5
5 2 4 4 2 1 0 5 0 3 3 0 4 5 5 -1 2 2 3 0 5 1
2 0 5 3 4 5 2 0 0 4 2 5 4 5 4 2 -1 5 4 5 0 5
5 0 3 5 3 0 3 3 2 5 2 1 3 1 2 2 5 -1 5 2 1 1
0 1 1 5 5 1 3 0 2 2 3 5 5 3 5 3 4 5 -1 4 5 0
1 5 3 3 2 1 3 0 4 5 5 4 3 4 0 0 5 2 4 -1 2 4
2 2 5 2 5 5 1 5 0 2 3 5 1 3 2 5 0 1 5 2 -1 4
5 0 2 0 3 5 2 4 1 2 3 1 4 3 5 1 5 1 0 4 4 -1
DISTANCE
0 13 21 32 22 23 12 22 32 32 20 28 29 29 30 29 10 31 39 43 15 26
13 0 12 19 11 24 12 18 20 26 7 18 16 21 32 17 6 30 27 31 18 24
21 12 0 15 22 16 10 8 12 14 10 29 18 9 23 23 11 20 19 24 14 13
32 19 15 0 21 31 25 23 7 24 12 25 9 17 37 15 22 32 10 12 29 27
22 11 22 21 0 35 23 29 26 36 12 7 13 30 44 9 17 41 31 32 30 35
23 24 16 31 35 0 12 8 25 13 26 43 35 16 8 39 19 9 31 37 7 5
12 12 10 25 23 12 0 10 22 20 16 30 26 17 21 28 6 20 29 35 6 14
22 18 8 23 29 8 10 0 17 10 18 36 27 9 15 31 14 12 24 30 9 5
32 20 12 7 26 25 22 17 0 16 15 31 16 10 31 22 22 25 7 12 25 21
32 26 14 24 36 13 20 10 16 0 25 43 31 7 15 36 24 9 21 27 18 7
20 7 10 12 12 26 16 18 15 25 0 18 10 18 34 13 11 30 20 24 22 24
28 18 29 25 7 43 30 36 31 43 18 0 16 36 51 10 24 48 35 36 37 42
29 16 18 9 13 35 26 27 16 31 10 16 0 24 42 6 21 38 19 20 32 32
29 21 9 17 30 16 17 9 10 7 18 36 24 0 21 29 20 15 15 21 18 11
30 32 23 37 44 8 21 15 31 15 34 51 42 21 0 46 27 6 36 42 15 10
29 17 23 15 9 39 28 31 22 36 13 10 6 29 46 0 23 43 25 26 34 37
10 6 11 22 17 19 6 14 22 24 11 24 21 20 27 23 0 26 29 33 13 20
31 30 20 32 41 9 20 12 25 9 30 48 38 15 6 43 26 0 30 36 16 6
39 27 19 10 31 31 29 24 7 21 20 35 19 15 36 25 29 30 0 6 32 26
43 31 24 12 32 37 35 30 12 27 24 36 20 21 42 26 33 36 6 0 38 32
15 18 14 29 30 7 6 9 25 18 22 37 32 18 15 34 13 16 32 38 0 11
26 24 13 27 35 5 14 5 21 7 24 42 32 11 10 37 20 6 26 32 11 0
DAMAGES
0 0 0
0 0 0.0167
0 0.0167 0.0391
0.0167 0.0391 0.0616
0.0391 0.0616 0.0941
0.0616 0.0941 0.1267
DEMAND_SECTION
1 0
2 7
3 30
4 16
5 23
6 11
7 19
8 15
9 28
10 8
11 8
12 7
13 14
14 6
15 19
16 11
17 12
18 26
19 17
20 6
21 15
22 10
