TYPE GCVRP
DIMENSION 22
CAPACITY 3000
NUMBER_OF_VEHICLES 8
EDGE_WEIGHT_SECTION
0 61 61 64 74 60 56 58 6743 55 60 50 48 4508 42 7263 43 4927 53 55 52 11959
61 0 41 8347 53 47 51 51 7301 51 55 60 114 66 64 74 65 70 69 17372 74 74
61 41 0 57 11598 43 50 4260 52 5593 56 70 15933 66 71 124 12705 81 67 87 16927 74
64 8347 57 0 39 60 49 60 6901 71 10153 55 111 57 67 130 82 14038 15371 96 71 81
74 53 11598 39 0 60 49 12321 49 100 54 49 15933 57 114 73 114 76 15371 77 16038 101
60 47 43 60 60 0 4788 41 67 50 5905 57 10875 62 64 61 16655 64 60 71 13816 19315
56 51 50 49 49 4788 0 45 43 62 3949 52 86 55 10655 64 59 71 72 81 64 71
58 51 4260 60 12321 41 45 0 5346 1371 59 82 52 60 59 12321 64 69 61 70 12705 119
6743 7301 52 6901 49 67 43 5346 0 54 42 48 61 53 60 62 57 59 61 104 63 66
55 51 5593 71 100 50 62 1371 54 0 45 56 49 60 11598 63 97 10038 58 16242 61 69
60 55 56 10153 54 5905 3949 59 42 45 0 47 6179 53 50 63 51 56 64 13169 67 75
50 60 70 55 49 57 52 82 48 56 47 0 57 47 53 64 7861 58 14566 92 14845 63
48 114 15933 111 15933 10875 86 52 61 49 6179 57 0 56 59 57 67 60 9069 72 57 100
4508 66 66 57 57 62 55 60 53 60 53 47 56 0 5067 12682 3949 51 67 70 66 62
42 64 71 67 114 64 10655 59 60 11598 50 53 59 5067 0 6540 46 44 5149 55 49 9430
7263 74 124 130 73 61 64 12321 62 63 63 64 57 12682 6540 0 52 52 51 63 8708 58
43 65 12705 82 114 16655 59 64 57 97 51 7861 67 3949 46 52 0 3149 65 7263 52 8708
4927 70 81 14038 76 64 71 69 59 10038 56 58 60 51 44 52 3149 0 3816 46 43 43
53 69 67 15371 15371 60 72 61 61 58 64 14566 9069 67 5149 51 65 3816 0 75 2705 52
55 17372 87 96 77 71 81 70 104 16242 13169 92 72 70 55 63 7263 46 75 0 49 53
52 74 16927 71 16038 13816 64 12705 63 61 67 14845 57 66 49 8708 52 43 2705 49 0 55
11959 74 74 81 101 19315 71 119 66 69 75 63 100 62 9430 58 8708 43 52 53 55 0
TYPE_OF_ARC
-1 0 0 2 2 2 1 2 1 2 1 1 2 1 2 2 2 0 0 2 0 2
0 -1 0 2 2 0 1 0 1 0 1 1 2 1 0 2 0 0 0 0 0 0
0 0 -1 2 2 0 1 0 1 0 1 1 2 1 0 2 0 0 0 0 0 0
2 2 2 -1 2 2 2 2 2 2 2 1 2 1 2 2 2 0 0 2 0 2
2 2 2 2 -1 2 2 2 2 2 2 1 2 1 2 2 2 0 0 2 0 2
2 0 0 2 2 -1 1 0 1 0 1 1 2 1 2 2 2 0 0 1 0 1
1 1 1 2 2 1 -1 1 1 1 1 1 2 1 1 2 1 0 0 1 0 1
2 0 0 2 2 0 1 -1 1 0 1 1 2 1 2 2 2 0 0 1 0 1
1 1 1 2 2 1 1 1 -1 1 1 1 2 1 1 2 1 0 0 1 0 1
2 0 0 2 2 0 1 0 1 -1 1 1 2 1 2 2 2 0 0 1 0 1
1 1 1 2 2 1 1 1 1 1 -1 1 2 1 1 2 1 0 0 1 0 1
1 1 1 1 1 1 1 1 1 1 1 -1 2 1 1 2 1 1 1 1 1 1
2 2 2 2 2 2 2 2 2 2 2 2 -1 2 2 2 2 2 2 2 2 2
1 1 1 1 1 1 1 1 1 1 1 1 2 -1 1 2 1 1 1 1 1 1
2 0 0 2 2 2 1 2 1 2 1 1 2 1 -1 2 2 0 0 2 0 2
2 2 2 2 2 2 2 2 2 2 2 2 2 2 2 -1 2 2 2 2 2 2
2 0 0 2 2 2 1 2 1 2 1 1 2 1 2 2 -1 0 0 2 0 2
0 0 0 0 0 0 0 0 0 0 0 1 2 1 0 2 0 -1 0 0 0 0
0 0 0 0 0 0 0 0 0 0 0 1 2 1 0 2 0 0 -1 0 0 0
2 0 0 2 2 1 1 1 1 1 1 1 2 1 2 2 2 0 0 -1 0 1
0 0 0 0 0 0 0 0 0 0 0 1 2 1 0 2 0 0 0 0 -1 0
2 0 0 2 2 1 1 1 1 1 1 1 2 1 2 2 2 0 0 1 0 -1
CONDITION_OF_ARC
-1 0 0 0 3 2 0 0 5 2 4 2 3 5 2 5 2 5 0 1 2 5
0 -1 2 5 2 2 3 0 5 2 2 0 4 0 0 2 0 0 1 5 2 0
0 2 -1 0 5 1 0 5 2 5 0 3 5 0 3 4 5 3 1 3 5 2
0 5 0 -1 1 0 2 0 5 3 5 3 4 1 0 4 3 5 5 3 2 0
3 2 5 1 -1 2 2 5 1 4 1 2 5 1 4 2 4 3 5 2 5 3
2 2 1 0 2 -1 5 3 4 4 5 1 5 2 2 1 5 0 1 1 5 5
0 3 0 2 2 5 -1 1 3 4 5 0 4 1 5 0 2 3 3 3 1 2
0 0 5 0 5 3 1 -1 5 5 4 4 1 2 1 5 0 3 0 0 5 4
5 5 2 5 1 4 3 5 -1 3 1 0 3 2 3 0 0 2 2 4 0 1
2 2 5 3 4 4 4 5 3 -1 2 2 1 0 5 3 4 5 2 5 2 2
4 2 0 5 1 5 5 4 1 2 -1 1 5 0 2 3 2 2 3 5 3 3
2 0 3 3 2 1 0 4 0 2 1 -1 2 2 2 0 5 1 5 4 5 1
3 4 5 4 5 5 4 1 3 1 5 2 -1 0 4 4 4 3 5 3 1 4
5 0 0 1 1 2 1 2 2 0 0 2 0 -1 5 5 5 1 3 4 3 3
2 0 3 0 4 2 5 1 3 5 2 2 4 5 -1 5 4 2 5 0 2 5
5 2 4 4 2 1 0 5 0 3 3 0 4 5 5 -1 2 2 3 0 5 1
2 0 5 3 4 5 2 0 0 4 2 5 4 5 4 2 -1 5 4 5 0 5
5 0 3 5 3 0 3 3 2 5 2 1 3 1 2 2 5 -1 5 2 1 1
0 1 1 5 5 1 3 0 2 2 3 5 5 3 5 3 4 5 -1 4 5 0
1 5 3 3 2 1 3 0 4 5 5 4 3 4 0 0 5 2 4 -1 2 4
2 2 5 2 5 5 1 5 0 2 3 5 1 3 2 5 0 1 5 2 -1 4
5 0 2 0 3 5 2 4 1 2 3 1 4 3 5 1 5 1 0 4 4 -1
DISTANCE
0 49 48 41 40 36 31 31 24 27 17 23 11 16 7 20 9 22 29 30 31 33
49 0 8 23 25 20 18 24 26 30 32 40 47 54 56 57 58 71 72 78 79 82
48 8 0 29 32 14 19 19 27 25 31 43 44 55 54 53 57 69 68 78 76 81
41 23 29 0 2 33 17 33 19 37 28 23 45 40 48 57 49 63 69 65 73 72
40 25 32 2 0 35 18 34 19 38 28 21 44 38 47 56 47 61 69 63 72 70
36 20 14 33 35 0 17 5 22 11 21 38 30 47 42 39 46 56 54 67 62 69
31 18 19 17 18 17 0 15 8 19 14 23 30 36 38 42 40 53 55 59 61 64
31 24 19 33 34 5 15 0 19 6 16 34 25 42 37 34 41 50 49 61 57 63
24 26 27 19 19 22 8 19 0 21 9 16 26 28 31 38 33 46 50 51 55 57
27 30 25 37 38 11 19 6 21 0 15 35 20 40 32 28 37 45 43 58 51 59
17 32 31 28 28 21 14 16 9 15 0 20 17 26 24 28 26 39 42 47 47 50
23 40 43 23 21 38 23 34 16 35 20 0 31 17 29 42 28 42 52 42 53 50
11 47 44 45 44 30 30 25 26 20 17 31 0 27 13 12 18 25 25 38 32 38
16 54 55 40 38 47 36 42 28 40 26 17 27 0 18 35 14 27 40 25 38 33
7 56 54 48 47 42 38 37 31 32 24 29 13 18 0 18 5 15 23 25 24 26
20 57 53 57 56 39 42 34 38 28 28 42 12 35 18 0 23 22 15 39 24 36
9 58 57 49 47 46 40 41 33 37 26 28 18 14 5 23 0 14 26 20 25 24
22 71 69 63 61 56 53 50 46 45 39 42 25 27 15 22 14 0 17 18 11 13
29 72 68 69 69 54 55 49 50 43 42 52 25 40 23 15 26 17 0 35 12 27
30 78 78 65 63 67 59 61 51 58 47 42 38 25 25 39 20 18 35 0 26 12
31 79 76 73 72 62 61 57 55 51 47 53 32 38 24 24 25 11 12 26 0 16
33 82 81 72 70 69 64 63 57 59 50 50 38 33 26 36 24 13 27 12 16 0
DAMAGES
0 0 0
0 0 0.0167
0 0.0167 0.0391
0.0167 0.0391 0.0616
0.0391 0.0616 0.0941
0.0616 0.0941 0.1267
DEMAND_SECTION
1 0
2 1100
3 700
4 800
5 1400
6 2100
7 400
8 800
9 100
10 500
11 600
12 1200
13 1300
14 1300
15 300
16 900
17 2100
18 1000
19 900
20 2500
21 1800
22 700
