TYPE GCVRP
DIMENSION 22
CAPACITY 160
NUMBER_OF_VEHICLES 2
EDGE_WEIGHT_SECTION
0 48 51 54 52 48 47 51 7150 55 63 51 64 8140 57 10514 43 11236 58 57 44 5815
48 0 44 5346 44 50 47 50 5625 51 41 50 59 51 59 47 45 58 51 8698 47 53
51 44 0 48 6185 46 46 2273 44 3949 46 59 6540 46 59 75 3111 55 46 53 3949 45
54 5346 48 0 50 58 49 54 2567 55 3390 60 52 46 61 62 52 11598 2260 45 56 56
52 44 6185 50 0 56 48 8140 52 84 44 41 4734 52 110 43 56 75 6926 53 8419 64
48 50 46 58 56 0 2705 43 78 55 7301 59 12682 47 43 61 4260 46 51 53 1593 1149
47 47 46 49 48 2705 0 42 52 63 4508 54 80 46 7625 57 41 55 56 60 40 44
51 50 2273 54 8140 43 42 0 6179 2832 61 84 54 42 46 11236 47 49 51 54 2037 43
7150 5625 44 2567 52 78 52 6179 0 50 45 58 53 43 65 54 51 53 41 51 55 50
55 51 3949 55 84 55 63 2832 50 0 51 61 55 45 5456 70 69 3289 48 6038 47 41
63 41 46 3390 44 7301 4508 61 45 51 0 47 2832 50 59 47 44 57 52 6743 54 55
51 50 59 60 41 59 54 84 58 61 47 0 48 57 70 47 5371 65 7816 76 10375 58
64 59 6540 52 4734 12682 80 54 53 55 2832 48 0 55 106 48 72 72 4260 50 57 90
8140 51 46 46 52 47 46 42 43 45 50 57 55 0 7625 10514 5625 46 47 61 51 46
57 59 59 61 110 43 7625 46 65 5456 59 70 106 7625 0 16655 82 42 13043 64 47 3651
10514 47 75 62 43 61 57 11236 54 70 47 47 48 10514 16655 0 52 65 53 52 12321 59
43 45 3111 52 56 4260 41 47 51 69 44 5371 72 5625 82 52 0 9430 69 7372 47 4482
11236 58 55 11598 75 46 55 49 53 3289 57 65 72 46 42 65 9430 0 10875 60 47 41
58 51 46 2260 6926 51 56 51 41 48 52 7816 4260 47 13043 53 69 10875 0 44 7150 52
57 8698 53 45 53 53 60 54 51 6038 6743 76 50 61 64 52 7372 60 44 0 56 72
44 47 3949 56 8419 1593 40 2037 55 47 54 10375 57 51 47 12321 47 47 7150 56 0 50
5815 53 45 56 64 1149 44 43 50 41 55 58 90 46 3651 59 4482 41 52 72 50 0
TYPE_OF_ARC
-1 1 1 0 0 0 0 0 0 1 1 0 2 1 2 2 0 2 0 0 0 0
1 -1 1 1 1 1 1 1 1 1 1 1 1 1 2 1 1 2 1 1 1 1
1 1 -1 1 1 1 1 1 1 1 1 1 2 1 2 2 1 2 0 0 1 1
0 1 1 -1 2 2 0 2 2 1 1 2 2 1 2 2 0 2 0 0 2 2
0 1 1 2 -1 1 0 1 2 1 1 1 2 1 2 2 0 2 0 0 1 1
0 1 1 2 1 -1 0 0 2 1 1 1 2 1 2 2 0 2 0 0 0 0
0 1 1 0 0 0 -1 0 0 1 1 0 2 1 2 2 0 2 0 0 0 0
0 1 1 2 1 0 0 -1 2 1 1 1 2 1 2 2 0 2 0 0 0 0
0 1 1 2 2 2 0 2 -1 1 1 2 2 1 2 2 0 2 0 0 2 2
1 1 1 1 1 1 1 1 1 -1 1 1 2 1 2 2 1 2 0 0 1 1
1 1 1 1 1 1 1 1 1 1 -1 1 1 1 2 1 1 2 1 1 1 1
0 1 1 2 1 1 0 1 2 1 1 -1 2 1 2 2 0 2 0 0 1 1
2 1 2 2 2 2 2 2 2 2 1 2 -1 2 2 2 2 2 0 0 2 2
1 1 1 1 1 1 1 1 1 1 1 1 2 -1 2 2 1 2 0 0 1 1
2 2 2 2 2 2 2 2 2 2 2 2 2 2 -1 2 2 2 2 2 2 2
2 1 2 2 2 2 2 2 2 2 1 2 2 2 2 -1 2 2 0 0 2 2
0 1 1 0 0 0 0 0 0 1 1 0 2 1 2 2 -1 2 0 0 0 0
2 2 2 2 2 2 2 2 2 2 2 2 2 2 2 2 2 -1 2 2 2 2
0 1 0 0 0 0 0 0 0 0 1 0 0 0 2 0 0 2 -1 0 0 0
0 1 0 0 0 0 0 0 0 0 1 0 0 0 2 0 0 2 0 -1 0 0
0 1 1 2 1 0 0 0 2 1 1 1 2 1 2 2 0 2 0 0 -1 0
0 1 1 2 1 0 0 0 2 1 1 1 2 1 2 2 0 2 0 0 0 -1
CONDITION_OF_ARC
-1 0 0 0 3 2 0 0 5 2 4 2 3 5 2 5 2 5 0 1 2 5
0 -1 2 5 2 2 3 0 5 2 2 0 4 0 0 2 0 0 1 5 2 0
0 2 -1 0 5 1 0 5 2 5 0 3 5 0 3 4 5 3 1 3 5 2
0 5 0 -1 1 0 2 0 5 3 5 3 4 1 0 4 3 5 5 3 2 0
3 2 5 1 -1 2 2 5 1 4 1 2 5 1 4 2 4 3 5 2 5 3
2 2 1 0 2 -1 5 3 4 4 5 1 5 2 2 1 5 0 1 1 5 5
0 3 0 2 2 5 -1 1 3 4 5 0 4 1 5 0 2 3 3 3 1 2
0 0 5 0 5 3 1 -1 5 5 4 4 1 2 1 5 0 3 0 0 5 4
5 5 2 5 1 4 3 5 -1 3 1 0 3 2 3 0 0 2 2 4 0 1
2 2 5 3 4 4 4 5 3 -1 2 2 1 0 5 3 4 5 2 5 2 2
4 2 0 5 1 5 5 4 1 2 -1 1 5 0 2 3 2 2 3 5 3 3
2 0 3 3 2 1 0 4 0 2 1 -1 2 2 2 0 5 1 5 4 5 1
3 4 5 4 5 5 4 1 3 1 5 2 -1 0 4 4 4 3 5 3 1 4
5 0 0 1 1 2 1 2 2 0 0 2 0 -1 5 5 5 1 3 4 3 3
2 0 3 0 4 2 5 1 3 5 2 2 4 5 -1 5 4 2 5 0 2 5
5 2 4 4 2 1 0 5 0 3 3 0 4 5 5 -1 2 2 3 0 5 1
2 0 5 3 4 5 2 0 0 4 2 5 4 5 4 2 -1 5 4 5 0 5
5 0 3 5 3 0 3 3 2 5 2 1 3 1 2 2 5 -1 5 2 1 1
0 1 1 5 5 1 3 0 2 2 3 5 5 3 5 3 4 5 -1 4 5 0
1 5 3 3 2 1 3 0 4 5 5 4 3 4 0 0 5 2 4 -1 2 4
2 2 5 2 5 5 1 5 0 2 3 5 1 3 2 5 0 1 5 2 -1 4
5 0 2 0 3 5 2 4 1 2 3 1 4 3 5 1 5 1 0 4 4 -1
DISTANCE
0 13 21 32 22 23 12 22 32 32 20 28 29 29 30 29 10 31 39 43 15 26
13 0 12 19 11 24 12 18 20 26 7 18 16 21 32 17 6 30 27 31 18 24
21 12 0 15 22 16 10 8 12 14 10 29 18 9 23 23 11 20 19 24 14 13
32 19 15 0 21 31 25 23 7 24 12 25 9 17 37 15 22 32 10 12 29 27
22 11 22 21 0 35 23 29 26 36 12 7 13 30 44 9 17 41 31 32 30 35
23 24 16 31 35 0 12 8 25 13 26 43 35 16 8 39 19 9 31 37 7 5
12 12 10 25 23 12 0 10 22 20 16 30 26 17 21 28 6 20 29 35 6 14
22 18 8 23 29 8 10 0 17 10 18 36 27 9 15 31 14 12 24 30 9 5
32 20 12 7 26 25 22 17 0 16 15 31 16 10 31 22 22 25 7 12 25 21
32 26 14 24 36 13 20 10 16 0 25 43 31 7 15 36 24 9 21 27 18 7
20 7 10 12 12 26 16 18 15 25 0 18 10 18 34 13 11 30 20 24 22 24
28 18 29 25 7 43 30 36 31 43 18 0 16 36 51 10 24 48 35 36 37 42
29 16 18 9 13 35 26 27 16 31 10 16 0 24 42 6 21 38 19 20 32 32
29 21 9 17 30 16 17 9 10 7 18 36 24 0 21 29 20 15 15 21 18 11
30 32 23 37 44 8 21 15 31 15 34 51 42 21 0 46 27 6 36 42 15 10
29 17 23 15 9 39 28 31 22 36 13 10 6 29 46 0 23 43 25 26 34 37
10 6 11 22 17 19 6 14 22 24 11 24 21 20 27 23 0 26 29 33 13 20
31 30 20 32 41 9 20 12 25 9 30 48 38 15 6 43 26 0 30 36 16 6
39 27 19 10 31 31 29 24 7 21 20 35 19 15 36 25 29 30 0 6 32 26
43 31 24 12 32 37 35 30 12 27 24 36 20 21 42 26 33 36 6 0 38 32
15 18 14 29 30 7 6 9 25 18 22 37 32 18 15 34 13 16 32 38 0 11
26 24 13 27 35 5 14 5 21 7 24 42 32 11 10 37 20 6 26 32 11 0
DAMAGES
0 0 0
0 0 0.0167
0 0.0167 0.0391
0.0167 0.0391 0.0616
0.0391 0.0616 0.0941
0.0616 0.0941 0.1267
DEMAND_SECTION
1 0
2 7
3 30
4 16
5 23
6 11
7 19
8 15
9 28
10 8
11 8
12 7
13 14
14 6
15 19
16 11
17 12
18 26
19 17
20 6
21 15
22 10
