TYPE GCVRP
DIMENSION 22
CAPACITY 3000
NUMBER_OF_VEHICLES 8
EDGE_WEIGHT_SECTION
0 68 67 60 67 54 58 54 8708 50 66 52 48 5818 42 7263 43 7986 57 55 57 11959
68 0 42 6464 51 47 51 51 7301 51 55 60 98 66 72 68 73 74 73 28216 80 86
67 42 0 55 8979 43 50 4260 52 5593 56 70 12331 66 86 106 20629 89 71 108 21271 89
60 6464 55 0 39 57 47 57 5346 65 7861 55 96 57 63 112 74 17639 19315 96 76 81
67 51 8979 39 0 56 47 9537 47 87 52 49 12331 57 98 68 98 83 19315 77 20154 101
54 47 43 57 56 0 3816 41 62 50 4705 54 6704 59 57 55 10260 64 60 77 13816 24964
58 51 50 47 47 3816 0 44 43 58 3949 51 86 53 13766 64 63 77 79 91 68 78
54 51 4260 57 9537 41 44 0 4260 1371 55 74 48 57 53 7594 58 69 61 75 12705 140
8708 7301 52 5346 47 62 43 4260 0 51 42 48 61 51 65 62 60 62 64 121 66 71
50 51 5593 65 87 50 58 1371 51 0 44 54 46 58 7150 55 77 10038 58 20990 61 75
66 55 56 7861 52 4705 3949 55 42 44 0 46 6179 52 53 63 54 59 68 17017 72 83
52 60 70 55 49 54 51 74 48 54 46 0 52 46 56 58 10153 55 11593 106 11816 67
48 98 12331 96 12331 6704 86 48 61 46 6179 52 0 52 59 57 67 60 9069 72 57 100
5818 66 66 57 57 59 53 57 51 58 52 46 52 0 6540 7816 5095 50 63 78 62 68
42 72 86 63 98 57 13766 53 65 7150 53 56 59 6540 0 6540 46 47 8347 55 53 9430
7263 68 106 112 68 55 64 7594 62 55 63 58 57 7816 6540 0 52 52 51 63 8708 58
43 73 20629 74 98 10260 63 58 60 77 54 10153 67 5095 46 52 0 5095 80 7263 55 8708
7986 74 89 17639 83 64 77 69 62 10038 59 55 60 50 47 52 5095 0 3816 49 43 45
57 73 71 19315 19315 60 79 61 64 58 68 11593 9069 63 8347 51 80 3816 0 95 2705 56
55 28216 108 96 77 77 91 75 121 20990 17017 106 72 78 55 63 7263 49 95 0 54 57
57 80 21271 76 20154 13816 68 12705 66 61 72 11816 57 62 53 8708 55 43 2705 54 0 64
11959 86 89 81 101 24964 78 140 71 75 83 67 100 68 9430 58 8708 45 56 57 64 0
TYPE_OF_ARC
-1 2 2 1 1 0 2 0 2 0 2 2 2 2 2 2 2 2 2 2 2 2
2 -1 1 1 1 0 1 0 1 0 1 1 1 1 2 1 2 1 1 2 1 2
2 1 -1 1 1 0 1 0 1 0 1 1 1 1 2 1 2 1 1 2 1 2
1 1 1 -1 1 1 1 1 1 1 1 1 1 1 1 1 1 1 1 2 1 2
1 1 1 1 -1 1 1 1 1 1 1 1 1 1 1 1 1 1 1 2 1 2
0 0 0 1 1 -1 0 0 0 0 0 0 0 0 0 0 0 0 0 2 0 2
2 1 1 1 1 0 -1 0 1 0 1 0 2 0 2 2 2 1 1 2 1 2
0 0 0 1 1 0 0 -1 0 0 0 0 0 0 0 0 0 0 0 2 0 2
2 1 1 1 1 0 1 0 -1 0 1 0 2 0 2 2 2 1 1 2 1 2
0 0 0 1 1 0 0 0 0 -1 0 0 0 0 0 0 0 0 0 2 0 2
2 1 1 1 1 0 1 0 1 0 -1 0 2 0 2 2 2 1 1 2 1 2
2 1 1 1 1 0 0 0 0 0 0 -1 0 0 2 0 2 0 0 2 0 2
2 1 1 1 1 0 2 0 2 0 2 0 -1 0 2 2 2 2 2 2 2 2
2 1 1 1 1 0 0 0 0 0 0 0 0 -1 2 0 2 0 0 2 0 2
2 2 2 1 1 0 2 0 2 0 2 2 2 2 -1 2 2 2 2 2 2 2
2 1 1 1 1 0 2 0 2 0 2 0 2 0 2 -1 2 2 2 2 2 2
2 2 2 1 1 0 2 0 2 0 2 2 2 2 2 2 -1 2 2 2 2 2
2 1 1 1 1 0 1 0 1 0 1 0 2 0 2 2 2 -1 0 2 0 2
2 1 1 1 1 0 1 0 1 0 1 0 2 0 2 2 2 0 -1 2 0 2
2 2 2 2 2 2 2 2 2 2 2 2 2 2 2 2 2 2 2 -1 2 2
2 1 1 1 1 0 1 0 1 0 1 0 2 0 2 2 2 0 0 2 -1 2
2 2 2 2 2 2 2 2 2 2 2 2 2 2 2 2 2 2 2 2 2 -1
CONDITION_OF_ARC
-1 0 0 0 3 2 0 0 5 2 4 2 3 5 2 5 2 5 0 1 2 5
0 -1 2 5 2 2 3 0 5 2 2 0 4 0 0 2 0 0 1 5 2 0
0 2 -1 0 5 1 0 5 2 5 0 3 5 0 3 4 5 3 1 3 5 2
0 5 0 -1 1 0 2 0 5 3 5 3 4 1 0 4 3 5 5 3 2 0
3 2 5 1 -1 2 2 5 1 4 1 2 5 1 4 2 4 3 5 2 5 3
2 2 1 0 2 -1 5 3 4 4 5 1 5 2 2 1 5 0 1 1 5 5
0 3 0 2 2 5 -1 1 3 4 5 0 4 1 5 0 2 3 3 3 1 2
0 0 5 0 5 3 1 -1 5 5 4 4 1 2 1 5 0 3 0 0 5 4
5 5 2 5 1 4 3 5 -1 3 1 0 3 2 3 0 0 2 2 4 0 1
2 2 5 3 4 4 4 5 3 -1 2 2 1 0 5 3 4 5 2 5 2 2
4 2 0 5 1 5 5 4 1 2 -1 1 5 0 2 3 2 2 3 5 3 3
2 0 3 3 2 1 0 4 0 2 1 -1 2 2 2 0 5 1 5 4 5 1
3 4 5 4 5 5 4 1 3 1 5 2 -1 0 4 4 4 3 5 3 1 4
5 0 0 1 1 2 1 2 2 0 0 2 0 -1 5 5 5 1 3 4 3 3
2 0 3 0 4 2 5 1 3 5 2 2 4 5 -1 5 4 2 5 0 2 5
5 2 4 4 2 1 0 5 0 3 3 0 4 5 5 -1 2 2 3 0 5 1
2 0 5 3 4 5 2 0 0 4 2 5 4 5 4 2 -1 5 4 5 0 5
5 0 3 5 3 0 3 3 2 5 2 1 3 1 2 2 5 -1 5 2 1 1
0 1 1 5 5 1 3 0 2 2 3 5 5 3 5 3 4 5 -1 4 5 0
1 5 3 3 2 1 3 0 4 5 5 4 3 4 0 0 5 2 4 -1 2 4
2 2 5 2 5 5 1 5 0 2 3 5 1 3 2 5 0 1 5 2 -1 4
5 0 2 0 3 5 2 4 1 2 3 1 4 3 5 1 5 1 0 4 4 -1
DISTANCE
0 49 48 41 40 36 31 31 24 27 17 23 11 16 7 20 9 22 29 30 31 33
49 0 8 23 25 20 18 24 26 30 32 40 47 54 56 57 58 71 72 78 79 82
48 8 0 29 32 14 19 19 27 25 31 43 44 55 54 53 57 69 68 78 76 81
41 23 29 0 2 33 17 33 19 37 28 23 45 40 48 57 49 63 69 65 73 72
40 25 32 2 0 35 18 34 19 38 28 21 44 38 47 56 47 61 69 63 72 70
36 20 14 33 35 0 17 5 22 11 21 38 30 47 42 39 46 56 54 67 62 69
31 18 19 17 18 17 0 15 8 19 14 23 30 36 38 42 40 53 55 59 61 64
31 24 19 33 34 5 15 0 19 6 16 34 25 42 37 34 41 50 49 61 57 63
24 26 27 19 19 22 8 19 0 21 9 16 26 28 31 38 33 46 50 51 55 57
27 30 25 37 38 11 19 6 21 0 15 35 20 40 32 28 37 45 43 58 51 59
17 32 31 28 28 21 14 16 9 15 0 20 17 26 24 28 26 39 42 47 47 50
23 40 43 23 21 38 23 34 16 35 20 0 31 17 29 42 28 42 52 42 53 50
11 47 44 45 44 30 30 25 26 20 17 31 0 27 13 12 18 25 25 38 32 38
16 54 55 40 38 47 36 42 28 40 26 17 27 0 18 35 14 27 40 25 38 33
7 56 54 48 47 42 38 37 31 32 24 29 13 18 0 18 5 15 23 25 24 26
20 57 53 57 56 39 42 34 38 28 28 42 12 35 18 0 23 22 15 39 24 36
9 58 57 49 47 46 40 41 33 37 26 28 18 14 5 23 0 14 26 20 25 24
22 71 69 63 61 56 53 50 46 45 39 42 25 27 15 22 14 0 17 18 11 13
29 72 68 69 69 54 55 49 50 43 42 52 25 40 23 15 26 17 0 35 12 27
30 78 78 65 63 67 59 61 51 58 47 42 38 25 25 39 20 18 35 0 26 12
31 79 76 73 72 62 61 57 55 51 47 53 32 38 24 24 25 11 12 26 0 16
33 82 81 72 70 69 64 63 57 59 50 50 38 33 26 36 24 13 27 12 16 0
DAMAGES
0 0 0
0 0 0.0167
0 0.0167 0.0391
0.0167 0.0391 0.0616
0.0391 0.0616 0.0941
0.0616 0.0941 0.1267
DEMAND_SECTION
1 0
2 1100
3 700
4 800
5 1400
6 2100
7 400
8 800
9 100
10 500
11 600
12 1200
13 1300
14 1300
15 300
16 900
17 2100
18 1000
19 900
20 2500
21 1800
22 700
