TYPE GCVRP
DIMENSION 23
CAPACITY 40
NUMBER_OF_VEHICLES 8
EDGE_WEIGHT_SECTION
0 47 53 59 58 52 48 54 11598 58 59 56 59 10514 57 8140 45 11236 63 63 47 760 61
47 0 43 4260 43 49 45 49 7263 49 41 49 59 50 54 47 44 54 54 6926 46 47 51
53 43 0 48 6185 46 46 2273 45 3949 45 59 5067 46 55 68 4012 52 49 55 3949 50 3670
59 4260 48 0 50 54 51 52 2567 55 2705 60 49 46 56 57 58 7150 3651 45 53 59 52
58 43 6185 50 0 54 52 8140 52 84 43 42 3670 52 85 42 66 63 11236 58 10875 59 7816
52 49 46 54 54 0 2705 43 78 55 5815 57 9816 47 41 57 6901 45 55 53 1593 7263 1149
48 45 46 51 52 2705 0 43 58 63 3594 58 71 46 4705 55 42 50 64 64 41 45 43
54 49 2273 52 8140 43 43 0 6179 2832 57 84 51 42 45 8698 49 47 55 55 2552 70 1435
11598 7263 45 2567 52 78 58 6179 0 53 46 58 53 45 65 54 54 53 42 57 55 55 57
58 49 3949 55 84 55 63 2832 53 0 49 61 53 45 4228 64 77 2552 51 7582 47 57 1993
59 41 45 2705 43 5815 3594 57 46 49 0 45 2832 49 53 47 43 51 55 5371 52 50 5371
56 49 59 60 42 57 58 84 58 61 45 0 47 57 61 46 8708 58 12682 96 13404 55 9371
59 59 5067 49 3670 9816 71 51 53 53 2832 47 0 53 92 46 65 66 6901 52 54 77 54
10514 50 46 46 52 47 46 42 45 45 49 57 53 0 5905 8140 7263 45 51 65 51 62 46
57 54 55 56 85 41 4705 45 65 4228 53 61 92 5905 0 12890 82 41 13043 58 44 10153 2260
8140 47 68 57 42 57 55 8698 54 64 47 46 46 8140 12890 0 50 61 60 53 9537 52 57
45 44 4012 58 66 6901 42 49 54 77 43 8708 65 7263 82 50 0 9430 85 11959 49 3289 50
11236 54 52 7150 63 45 50 47 53 2552 51 58 66 45 41 61 9430 0 10875 54 45 55 44
63 54 49 3651 11236 55 64 55 42 51 55 12682 6901 51 13043 60 85 10875 0 48 11598 62 55
63 6926 55 45 58 53 64 55 57 7582 5371 96 52 65 58 53 11959 54 48 0 58 108 52
47 46 3949 53 10875 1593 41 2552 55 47 52 13404 54 51 44 9537 49 45 11598 58 0 59 43
760 47 50 59 59 7263 45 70 55 57 50 55 77 62 10153 52 3289 55 62 108 59 0 53
61 51 3670 52 7816 1149 43 1435 57 1993 5371 9371 54 46 2260 57 50 44 55 52 43 53 0
TYPE_OF_ARC
-1 0 2 2 2 2 2 2 2 2 0 2 1 2 2 1 2 2 2 2 2 2 2
0 -1 0 0 0 0 0 0 2 0 0 0 1 0 0 1 0 0 2 0 0 0 0
2 0 -1 1 1 1 1 1 2 1 0 1 1 1 1 1 2 1 2 1 1 2 1
2 0 1 -1 2 0 1 1 2 1 0 2 1 1 0 1 2 0 2 0 1 2 0
2 0 1 2 -1 0 2 1 2 1 0 2 1 1 0 1 2 0 2 2 2 2 0
2 0 1 0 0 -1 0 1 2 1 0 0 1 1 0 1 2 0 2 0 0 2 0
2 0 1 1 2 0 -1 1 2 1 0 2 1 1 0 1 2 0 2 1 1 2 0
2 0 1 1 1 1 1 -1 2 1 0 1 1 1 1 1 2 1 2 1 1 2 1
2 2 2 2 2 2 2 2 -1 2 2 2 2 2 2 2 2 2 2 2 2 2 2
2 0 1 1 1 1 1 1 2 -1 0 1 1 1 1 1 2 1 2 1 1 2 1
0 0 0 0 0 0 0 0 2 0 -1 0 1 0 0 1 0 0 2 0 0 0 0
2 0 1 2 2 0 2 1 2 1 0 -1 1 1 0 1 2 0 2 2 2 2 0
1 1 1 1 1 1 1 1 2 1 1 1 -1 1 1 1 1 1 2 1 1 1 1
2 0 1 1 1 1 1 1 2 1 0 1 1 -1 1 1 2 1 2 1 1 2 1
2 0 1 0 0 0 0 1 2 1 0 0 1 1 -1 1 2 0 2 0 0 2 0
1 1 1 1 1 1 1 1 2 1 1 1 1 1 1 -1 1 1 2 1 1 1 1
2 0 2 2 2 2 2 2 2 2 0 2 1 2 2 1 -1 2 2 2 2 2 2
2 0 1 0 0 0 0 1 2 1 0 0 1 1 0 1 2 -1 2 0 0 2 0
2 2 2 2 2 2 2 2 2 2 2 2 2 2 2 2 2 2 -1 2 2 2 2
2 0 1 0 2 0 1 1 2 1 0 2 1 1 0 1 2 0 2 -1 1 2 0
2 0 1 1 2 0 1 1 2 1 0 2 1 1 0 1 2 0 2 1 -1 2 0
2 0 2 2 2 2 2 2 2 2 0 2 1 2 2 1 2 2 2 2 2 -1 2
2 0 1 0 0 0 0 1 2 1 0 0 1 1 0 1 2 0 2 0 0 2 -1
CONDITION_OF_ARC
-1 0 0 0 3 2 0 0 5 2 4 2 3 5 2 5 2 5 0 1 2 5 3
0 -1 2 5 2 2 3 0 5 2 2 0 4 0 0 2 0 0 1 5 2 0 0
0 2 -1 0 5 1 0 5 2 5 0 3 5 0 3 4 5 3 1 3 5 2 5
0 5 0 -1 1 0 2 0 5 3 5 3 4 1 0 4 3 5 5 3 2 0 0
3 2 5 1 -1 2 2 5 1 4 1 2 5 1 4 2 4 3 5 2 5 3 5
2 2 1 0 2 -1 5 3 4 4 5 1 5 2 2 1 5 0 1 1 5 5 5
0 3 0 2 2 5 -1 1 3 4 5 0 4 1 5 0 2 3 3 3 1 2 1
0 0 5 0 5 3 1 -1 5 5 4 4 1 2 1 5 0 3 0 0 5 4 5
5 5 2 5 1 4 3 5 -1 3 1 0 3 2 3 0 0 2 2 4 0 1 3
2 2 5 3 4 4 4 5 3 -1 2 2 1 0 5 3 4 5 2 5 2 2 5
4 2 0 5 1 5 5 4 1 2 -1 1 5 0 2 3 2 2 3 5 3 3 5
2 0 3 3 2 1 0 4 0 2 1 -1 2 2 2 0 5 1 5 4 5 1 5
3 4 5 4 5 5 4 1 3 1 5 2 -1 0 4 4 4 3 5 3 1 4 1
5 0 0 1 1 2 1 2 2 0 0 2 0 -1 5 5 5 1 3 4 3 3 3
2 0 3 0 4 2 5 1 3 5 2 2 4 5 -1 5 4 2 5 0 2 5 5
5 2 4 4 2 1 0 5 0 3 3 0 4 5 5 -1 2 2 3 0 5 1 2
2 0 5 3 4 5 2 0 0 4 2 5 4 5 4 2 -1 5 4 5 0 5 2
5 0 3 5 3 0 3 3 2 5 2 1 3 1 2 2 5 -1 5 2 1 1 4
0 1 1 5 5 1 3 0 2 2 3 5 5 3 5 3 4 5 -1 4 5 0 0
1 5 3 3 2 1 3 0 4 5 5 4 3 4 0 0 5 2 4 -1 2 4 1
2 2 5 2 5 5 1 5 0 2 3 5 1 3 2 5 0 1 5 2 -1 4 1
5 0 2 0 3 5 2 4 1 2 3 1 4 3 5 1 5 1 0 4 4 -1 2
3 0 5 0 5 5 1 5 3 5 5 5 1 3 5 2 2 4 0 1 1 2 -1
DISTANCE
0 13 21 32 22 23 12 22 32 32 20 28 29 29 30 29 10 31 39 43 15 2 26
13 0 12 19 11 24 12 18 20 26 7 18 16 21 32 17 6 30 27 31 18 13 24
21 12 0 15 22 16 10 8 12 14 10 29 18 9 23 23 11 20 19 24 14 19 13
32 19 15 0 21 31 25 23 7 24 12 25 9 17 37 15 22 32 10 12 29 32 27
22 11 22 21 0 35 23 29 26 36 12 7 13 30 44 9 17 41 31 32 30 23 35
23 24 16 31 35 0 12 8 25 13 26 43 35 16 8 39 19 9 31 37 7 20 5
12 12 10 25 23 12 0 10 22 20 16 30 26 17 21 28 6 20 29 35 6 10 14
22 18 8 23 29 8 10 0 17 10 18 36 27 9 15 31 14 12 24 30 9 20 5
32 20 12 7 26 25 22 17 0 16 15 31 16 10 31 22 22 25 7 12 25 31 21
32 26 14 24 36 13 20 10 16 0 25 43 31 7 15 36 24 9 21 27 18 30 7
20 7 10 12 12 26 16 18 15 25 0 18 10 18 34 13 11 30 20 24 22 20 24
28 18 29 25 7 43 30 36 31 43 18 0 16 36 51 10 24 48 35 36 37 29 42
29 16 18 9 13 35 26 27 16 31 10 16 0 24 42 6 21 38 19 20 32 30 32
29 21 9 17 30 16 17 9 10 7 18 36 24 0 21 29 20 15 15 21 18 27 11
30 32 23 37 44 8 21 15 31 15 34 51 42 21 0 46 27 6 36 42 15 28 10
29 17 23 15 9 39 28 31 22 36 13 10 6 29 46 0 23 43 25 26 34 30 37
10 6 11 22 17 19 6 14 22 24 11 24 21 20 27 23 0 26 29 33 13 9 20
31 30 20 32 41 9 20 12 25 9 30 48 38 15 6 43 26 0 30 36 16 29 6
39 27 19 10 31 31 29 24 7 21 20 35 19 15 36 25 29 30 0 6 32 38 26
43 31 24 12 32 37 35 30 12 27 24 36 20 21 42 26 33 36 6 0 38 43 32
15 18 14 29 30 7 6 9 25 18 22 37 32 18 15 34 13 16 32 38 0 13 11
2 13 19 32 23 20 10 20 31 30 20 29 30 27 28 30 9 29 38 43 13 0 24
26 24 13 27 35 5 14 5 21 7 24 42 32 11 10 37 20 6 26 32 11 24 0
DAMAGES
0 0 0
0 0 0.0167
0 0.0167 0.0391
0.0167 0.0391 0.0616
0.0391 0.0616 0.0941
0.0616 0.0941 0.1267
DEMAND_SECTION
1 0
2 7
3 30
4 16
5 23
6 11
7 19
8 15
9 28
10 8
11 8
12 7
13 14
14 6
15 19
16 11
17 12
18 26
19 17
20 6
21 15
22 5
23 10
