TYPE GCVRP
DIMENSION 21
CAPACITY 160
NUMBER_OF_VEHICLES 2
EDGE_WEIGHT_SECTION
0 49 53 59 58 52 48 54 11598 58 70 56 64 10514 57 10514 45 11236 63 63 47
49 0 43 6901 43 53 47 49 7263 49 41 49 59 50 59 47 44 58 51 8698 47
53 43 0 47 4927 45 45 1815 43 3149 45 56 5067 45 52 68 2483 50 46 53 3149
59 6901 47 0 50 58 53 51 2567 53 4373 60 49 45 61 57 58 11598 3651 49 56
58 43 4927 50 0 54 50 6482 52 76 43 41 3670 50 85 42 56 63 6926 53 8419
52 53 45 58 54 0 3390 43 78 52 9430 57 9816 45 43 57 6901 46 55 59 1993
48 47 45 53 50 3390 0 42 58 59 4508 55 71 45 5905 55 41 52 59 64 41
54 49 1815 51 6482 43 42 0 3816 2260 57 76 51 41 44 8698 47 45 51 54 2037
11598 7263 43 2567 52 78 58 3816 0 48 46 58 50 43 65 52 54 53 42 57 55
58 49 3149 53 76 52 59 2260 48 0 49 58 53 45 3371 64 63 2037 48 6038 46
70 41 45 4373 43 9430 4508 57 46 49 0 45 2832 49 59 47 43 57 52 6743 54
56 49 56 60 41 57 55 76 58 58 45 0 47 54 61 46 5371 58 7816 76 10375
64 59 5067 49 3670 9816 71 51 50 53 2832 47 0 53 92 46 65 66 5346 52 54
10514 50 45 45 50 45 45 41 43 45 49 54 53 0 4705 8140 4482 44 47 61 49
57 59 52 61 85 43 5905 44 65 3371 59 61 92 4705 0 12890 82 42 13043 64 45
10514 47 68 57 42 57 55 8698 52 64 47 46 46 8140 12890 0 50 61 56 53 9537
45 44 2483 58 56 6901 41 47 54 63 43 5371 65 4482 82 50 0 9430 75 9258 48
11236 58 50 11598 63 46 52 45 53 2037 57 58 66 44 42 61 9430 0 10875 60 46
63 51 46 3651 6926 55 59 51 42 48 52 7816 5346 47 13043 56 75 10875 0 46 8979
63 8698 53 49 53 59 64 54 57 6038 6743 76 52 61 64 53 9258 60 46 0 58
47 47 3149 56 8419 1993 41 2037 55 46 54 10375 54 49 45 9537 48 46 8979 58 0
TYPE_OF_ARC
-1 2 2 2 2 2 2 2 2 2 2 2 2 2 2 2 2 2 2 2 2
2 -1 0 2 0 2 1 0 2 0 0 0 1 0 2 1 0 2 1 1 1
2 0 -1 0 0 0 0 0 0 0 0 0 1 0 0 1 0 0 0 0 0
2 2 0 -1 2 2 2 0 2 0 2 2 1 0 2 1 2 2 2 2 2
2 0 0 2 -1 0 1 0 2 0 0 0 1 0 0 1 0 0 0 0 1
2 2 0 2 0 -1 1 0 2 0 2 0 1 0 2 1 2 2 2 2 1
2 1 0 2 1 1 -1 0 2 0 1 1 1 0 1 1 1 1 1 1 1
2 0 0 0 0 0 0 -1 0 0 0 0 1 0 0 1 0 0 0 0 0
2 2 0 2 2 2 2 0 -1 0 2 2 1 0 2 1 2 2 2 2 2
2 0 0 0 0 0 0 0 0 -1 0 0 1 0 0 1 0 0 0 0 0
2 0 0 2 0 2 1 0 2 0 -1 0 1 0 2 1 0 2 1 1 1
2 0 0 2 0 0 1 0 2 0 0 -1 1 0 0 1 0 0 0 0 1
2 1 1 1 1 1 1 1 1 1 1 1 -1 1 1 1 1 1 1 1 1
2 0 0 0 0 0 0 0 0 0 0 0 1 -1 0 1 0 0 0 0 0
2 2 0 2 0 2 1 0 2 0 2 0 1 0 -1 1 2 2 2 2 1
2 1 1 1 1 1 1 1 1 1 1 1 1 1 1 -1 1 1 1 1 1
2 0 0 2 0 2 1 0 2 0 0 0 1 0 2 1 -1 2 1 1 1
2 2 0 2 0 2 1 0 2 0 2 0 1 0 2 1 2 -1 2 2 1
2 1 0 2 0 2 1 0 2 0 1 0 1 0 2 1 1 2 -1 1 1
2 1 0 2 0 2 1 0 2 0 1 0 1 0 2 1 1 2 1 -1 1
2 1 0 2 1 1 1 0 2 0 1 1 1 0 1 1 1 1 1 1 -1
CONDITION_OF_ARC
-1 0 0 0 3 2 0 0 5 2 4 2 3 5 2 5 2 5 0 1 2
0 -1 2 5 2 2 3 0 5 2 2 0 4 0 0 2 0 0 1 5 2
0 2 -1 0 5 1 0 5 2 5 0 3 5 0 3 4 5 3 1 3 5
0 5 0 -1 1 0 2 0 5 3 5 3 4 1 0 4 3 5 5 3 2
3 2 5 1 -1 2 2 5 1 4 1 2 5 1 4 2 4 3 5 2 5
2 2 1 0 2 -1 5 3 4 4 5 1 5 2 2 1 5 0 1 1 5
0 3 0 2 2 5 -1 1 3 4 5 0 4 1 5 0 2 3 3 3 1
0 0 5 0 5 3 1 -1 5 5 4 4 1 2 1 5 0 3 0 0 5
5 5 2 5 1 4 3 5 -1 3 1 0 3 2 3 0 0 2 2 4 0
2 2 5 3 4 4 4 5 3 -1 2 2 1 0 5 3 4 5 2 5 2
4 2 0 5 1 5 5 4 1 2 -1 1 5 0 2 3 2 2 3 5 3
2 0 3 3 2 1 0 4 0 2 1 -1 2 2 2 0 5 1 5 4 5
3 4 5 4 5 5 4 1 3 1 5 2 -1 0 4 4 4 3 5 3 1
5 0 0 1 1 2 1 2 2 0 0 2 0 -1 5 5 5 1 3 4 3
2 0 3 0 4 2 5 1 3 5 2 2 4 5 -1 5 4 2 5 0 2
5 2 4 4 2 1 0 5 0 3 3 0 4 5 5 -1 2 2 3 0 5
2 0 5 3 4 5 2 0 0 4 2 5 4 5 4 2 -1 5 4 5 0
5 0 3 5 3 0 3 3 2 5 2 1 3 1 2 2 5 -1 5 2 1
0 1 1 5 5 1 3 0 2 2 3 5 5 3 5 3 4 5 -1 4 5
1 5 3 3 2 1 3 0 4 5 5 4 3 4 0 0 5 2 4 -1 2
2 2 5 2 5 5 1 5 0 2 3 5 1 3 2 5 0 1 5 2 -1
DISTANCE
0 13 21 32 22 23 12 22 32 32 20 28 29 29 30 29 10 31 39 43 15
13 0 12 19 11 24 12 18 20 26 7 18 16 21 32 17 6 30 27 31 18
21 12 0 15 22 16 10 8 12 14 10 29 18 9 23 23 11 20 19 24 14
32 19 15 0 21 31 25 23 7 24 12 25 9 17 37 15 22 32 10 12 29
22 11 22 21 0 35 23 29 26 36 12 7 13 30 44 9 17 41 31 32 30
23 24 16 31 35 0 12 8 25 13 26 43 35 16 8 39 19 9 31 37 7
12 12 10 25 23 12 0 10 22 20 16 30 26 17 21 28 6 20 29 35 6
22 18 8 23 29 8 10 0 17 10 18 36 27 9 15 31 14 12 24 30 9
32 20 12 7 26 25 22 17 0 16 15 31 16 10 31 22 22 25 7 12 25
32 26 14 24 36 13 20 10 16 0 25 43 31 7 15 36 24 9 21 27 18
20 7 10 12 12 26 16 18 15 25 0 18 10 18 34 13 11 30 20 24 22
28 18 29 25 7 43 30 36 31 43 18 0 16 36 51 10 24 48 35 36 37
29 16 18 9 13 35 26 27 16 31 10 16 0 24 42 6 21 38 19 20 32
29 21 9 17 30 16 17 9 10 7 18 36 24 0 21 29 20 15 15 21 18
30 32 23 37 44 8 21 15 31 15 34 51 42 21 0 46 27 6 36 42 15
29 17 23 15 9 39 28 31 22 36 13 10 6 29 46 0 23 43 25 26 34
10 6 11 22 17 19 6 14 22 24 11 24 21 20 27 23 0 26 29 33 13
31 30 20 32 41 9 20 12 25 9 30 48 38 15 6 43 26 0 30 36 16
39 27 19 10 31 31 29 24 7 21 20 35 19 15 36 25 29 30 0 6 32
43 31 24 12 32 37 35 30 12 27 24 36 20 21 42 26 33 36 6 0 38
15 18 14 29 30 7 6 9 25 18 22 37 32 18 15 34 13 16 32 38 0
DAMAGES
0 0 0
0 0 0.0167
0 0.0167 0.0391
0.0167 0.0391 0.0616
0.0391 0.0616 0.0941
0.0616 0.0941 0.1267
DEMAND_SECTION
1 0
2 7
3 30
4 16
5 23
6 11
7 19
8 15
9 28
10 8
11 8
12 7
13 14
14 6
15 19
16 11
17 12
18 26
19 17
20 6
21 15
