TYPE GCVRP
DIMENSION 20
CAPACITY 160
NUMBER_OF_VEHICLES 2
EDGE_WEIGHT_SECTION
0 48 50 56 58 50 47 51 8979 58 63 56 59 10514 53 8140 54 10934 61 44
48 0 43 6901 45 53 45 49 7263 54 42 51 55 53 59 46 58 54 53 4038
50 43 0 47 7986 45 45 1815 43 3149 45 64 4038 45 52 62 4482 52 49 46
56 6901 47 0 50 56 49 51 1593 59 4373 60 47 48 58 53 62 2832 3390 56
58 45 7986 50 0 60 52 10514 52 96 45 42 4734 55 110 43 104 65 11598 57
50 53 45 56 60 0 2705 43 70 59 9430 63 7816 48 42 55 2552 56 55 41
47 45 45 49 52 2705 0 42 52 59 3594 58 65 45 4705 53 47 59 64 42
51 49 1815 51 10514 43 42 0 3816 2260 57 96 50 41 44 6926 47 55 55 45
8979 7263 43 1593 52 70 52 3816 0 53 46 58 48 45 60 51 53 41 44 64
58 54 3149 59 96 59 59 2260 53 0 53 65 55 46 5456 70 52 5905 52 4038
63 42 45 4373 45 9430 3594 57 46 53 0 48 2260 51 59 46 57 48 55 4927
56 51 64 60 42 63 58 96 58 65 48 0 48 60 70 47 17378 58 13043 97
59 55 4038 47 4734 7816 65 50 48 55 2260 48 0 55 82 44 79 52 5625 58
10514 53 45 48 55 48 45 41 45 46 51 60 55 0 7625 10514 5456 45 54 57
53 59 52 58 110 42 4705 44 60 5456 59 70 82 7625 0 10260 46 57 11772 47
8140 46 62 53 43 55 53 6926 51 70 46 47 44 10514 10260 0 58 51 57 56
54 58 4482 62 104 2552 47 47 53 52 57 17378 79 5456 46 58 0 8419 84 3594
10934 54 52 2832 65 56 59 55 41 5905 48 58 52 45 57 51 8419 0 1714 55
61 53 49 3390 11598 55 64 55 44 52 55 13043 5625 54 11772 57 84 1714 0 87
44 4038 46 56 57 41 42 45 64 4038 4927 97 58 57 47 56 3594 55 87 0
TYPE_OF_ARC
-1 1 0 1 2 1 0 0 1 2 1 2 1 2 1 1 1 1 1 0
1 -1 0 2 2 2 0 0 2 2 2 2 0 2 2 0 2 1 1 0
0 0 -1 0 2 0 0 0 0 0 0 2 0 0 0 0 0 1 1 0
1 2 0 -1 2 1 0 0 0 2 2 2 0 2 1 0 1 1 1 0
2 2 2 2 -1 2 2 2 2 2 2 2 2 2 2 2 2 2 2 2
1 2 0 1 2 -1 0 0 1 2 2 2 0 2 1 0 1 1 1 0
0 0 0 0 2 0 -1 0 0 0 0 2 0 0 0 0 0 1 1 0
0 0 0 0 2 0 0 -1 0 0 0 2 0 0 0 0 0 1 1 0
1 2 0 0 2 1 0 0 -1 2 2 2 0 2 1 0 1 1 1 0
2 2 0 2 2 2 0 0 2 -1 2 2 2 2 2 2 2 1 1 0
1 2 0 2 2 2 0 0 2 2 -1 2 0 2 2 0 2 1 1 0
2 2 2 2 2 2 2 2 2 2 2 -1 2 2 2 2 2 2 2 2
1 0 0 0 2 0 0 0 0 2 0 2 -1 2 0 0 0 1 1 0
2 2 0 2 2 2 0 0 2 2 2 2 2 -1 2 2 2 1 1 0
1 2 0 1 2 1 0 0 1 2 2 2 0 2 -1 0 1 1 1 0
1 0 0 0 2 0 0 0 0 2 0 2 0 2 0 -1 0 1 1 0
1 2 0 1 2 1 0 0 1 2 2 2 0 2 1 0 -1 1 1 0
1 1 1 1 2 1 1 1 1 1 1 2 1 1 1 1 1 -1 1 1
1 1 1 1 2 1 1 1 1 1 1 2 1 1 1 1 1 1 -1 1
0 0 0 0 2 0 0 0 0 0 0 2 0 0 0 0 0 1 1 -1
CONDITION_OF_ARC
-1 0 0 0 3 2 0 0 5 2 4 2 3 5 2 5 2 5 0 1
0 -1 2 5 2 2 3 0 5 2 2 0 4 0 0 2 0 0 1 5
0 2 -1 0 5 1 0 5 2 5 0 3 5 0 3 4 5 3 1 3
0 5 0 -1 1 0 2 0 5 3 5 3 4 1 0 4 3 5 5 3
3 2 5 1 -1 2 2 5 1 4 1 2 5 1 4 2 4 3 5 2
2 2 1 0 2 -1 5 3 4 4 5 1 5 2 2 1 5 0 1 1
0 3 0 2 2 5 -1 1 3 4 5 0 4 1 5 0 2 3 3 3
0 0 5 0 5 3 1 -1 5 5 4 4 1 2 1 5 0 3 0 0
5 5 2 5 1 4 3 5 -1 3 1 0 3 2 3 0 0 2 2 4
2 2 5 3 4 4 4 5 3 -1 2 2 1 0 5 3 4 5 2 5
4 2 0 5 1 5 5 4 1 2 -1 1 5 0 2 3 2 2 3 5
2 0 3 3 2 1 0 4 0 2 1 -1 2 2 2 0 5 1 5 4
3 4 5 4 5 5 4 1 3 1 5 2 -1 0 4 4 4 3 5 3
5 0 0 1 1 2 1 2 2 0 0 2 0 -1 5 5 5 1 3 4
2 0 3 0 4 2 5 1 3 5 2 2 4 5 -1 5 4 2 5 0
5 2 4 4 2 1 0 5 0 3 3 0 4 5 5 -1 2 2 3 0
2 0 5 3 4 5 2 0 0 4 2 5 4 5 4 2 -1 5 4 5
5 0 3 5 3 0 3 3 2 5 2 1 3 1 2 2 5 -1 5 2
0 1 1 5 5 1 3 0 2 2 3 5 5 3 5 3 4 5 -1 4
1 5 3 3 2 1 3 0 4 5 5 4 3 4 0 0 5 2 4 -1
DISTANCE
0 13 21 32 22 23 12 22 32 32 20 28 29 29 30 29 31 39 43 15
13 0 12 19 11 24 12 18 20 26 7 18 16 21 32 17 30 27 31 18
21 12 0 15 22 16 10 8 12 14 10 29 18 9 23 23 20 19 24 14
32 19 15 0 21 31 25 23 7 24 12 25 9 17 37 15 32 10 12 29
22 11 22 21 0 35 23 29 26 36 12 7 13 30 44 9 41 31 32 30
23 24 16 31 35 0 12 8 25 13 26 43 35 16 8 39 9 31 37 7
12 12 10 25 23 12 0 10 22 20 16 30 26 17 21 28 20 29 35 6
22 18 8 23 29 8 10 0 17 10 18 36 27 9 15 31 12 24 30 9
32 20 12 7 26 25 22 17 0 16 15 31 16 10 31 22 25 7 12 25
32 26 14 24 36 13 20 10 16 0 25 43 31 7 15 36 9 21 27 18
20 7 10 12 12 26 16 18 15 25 0 18 10 18 34 13 30 20 24 22
28 18 29 25 7 43 30 36 31 43 18 0 16 36 51 10 48 35 36 37
29 16 18 9 13 35 26 27 16 31 10 16 0 24 42 6 38 19 20 32
29 21 9 17 30 16 17 9 10 7 18 36 24 0 21 29 15 15 21 18
30 32 23 37 44 8 21 15 31 15 34 51 42 21 0 46 6 36 42 15
29 17 23 15 9 39 28 31 22 36 13 10 6 29 46 0 43 25 26 34
31 30 20 32 41 9 20 12 25 9 30 48 38 15 6 43 0 30 36 16
39 27 19 10 31 31 29 24 7 21 20 35 19 15 36 25 30 0 6 32
43 31 24 12 32 37 35 30 12 27 24 36 20 21 42 26 36 6 0 38
15 18 14 29 30 7 6 9 25 18 22 37 32 18 15 34 16 32 38 0
DAMAGES
0 0 0
0 0 0.0167
0 0.0167 0.0391
0.0167 0.0391 0.0616
0.0391 0.0616 0.0941
0.0616 0.0941 0.1267
DEMAND_SECTION
1 0
2 19
3 30
4 16
5 23
6 11
7 31
8 15
9 28
10 8
11 8
12 7
13 14
14 6
15 19
16 11
17 26
18 17
19 6
20 15
