TYPE GCVRP
DIMENSION 23
CAPACITY 40
NUMBER_OF_VEHICLES 8
EDGE_WEIGHT_SECTION
0 48 53 56 54 50 47 54 8979 58 63 53 59 10514 53 8140 43 8698 63 63 44 596 57
48 0 45 6901 44 50 45 51 7263 54 41 50 55 53 56 46 44 55 54 11236 46 48 53
53 45 0 49 6185 47 45 2928 45 5095 47 59 6540 46 59 75 4012 55 49 59 3149 50 4734
56 6901 49 0 49 58 49 54 2567 59 4373 56 47 48 61 53 58 11598 3651 49 51 56 56
54 44 6185 49 0 56 50 8140 50 84 44 41 3670 52 95 42 60 68 11236 58 8419 55 9816
50 50 47 58 56 0 2705 45 78 59 7301 59 7816 48 42 55 5346 46 55 59 1593 5625 1435
47 45 45 49 50 2705 0 42 52 59 3594 55 65 45 4705 53 41 50 64 69 40 43 43
54 51 2928 54 8140 45 42 0 6179 3651 67 84 54 43 46 11236 49 49 55 58 2037 70 1844
8979 7263 45 2567 50 78 52 6179 0 53 46 56 48 45 65 51 54 53 42 57 52 53 57
58 54 5095 59 84 59 59 3651 53 0 53 61 55 46 5456 70 77 3289 51 9792 46 57 2567
63 41 47 4373 44 7301 3594 67 46 53 0 47 2260 51 56 46 43 53 55 8708 52 52 6743
53 50 59 56 41 59 55 84 56 61 47 0 47 57 65 46 6743 61 12682 96 10375 52 11772
59 55 6540 47 3670 7816 65 54 48 55 2260 47 0 55 82 44 61 62 6901 55 52 77 52
10514 53 46 48 52 48 45 43 45 46 51 57 55 0 7625 10514 7263 46 51 72 49 62 48
53 56 59 61 95 42 4705 46 65 5456 56 65 82 7625 0 10260 73 41 13043 64 44 7861 2832
8140 46 75 53 42 55 53 11236 51 70 46 46 44 10514 10260 0 48 58 60 55 7594 52 54
43 44 4012 58 60 5346 41 49 54 77 43 6743 61 7263 73 48 0 7301 85 11959 47 2552 48
8698 55 55 11598 68 46 50 49 53 3289 53 61 62 46 41 58 7301 0 10875 60 45 52 46
63 54 49 3651 11236 55 64 55 42 51 55 12682 6901 51 13043 60 85 10875 0 48 11598 62 55
63 11236 59 49 58 59 69 58 57 9792 8708 96 55 72 64 55 11959 60 48 0 62 108 57
44 46 3149 51 8419 1593 40 2037 52 46 52 10375 52 49 44 7594 47 45 11598 62 0 52 43
596 48 50 56 55 5625 43 70 53 57 52 52 77 62 7861 52 2552 52 62 108 52 0 50
57 53 4734 56 9816 1435 43 1844 57 2567 6743 11772 52 48 2832 54 48 46 55 57 43 50 0
TYPE_OF_ARC
-1 1 2 1 1 1 0 2 1 2 1 1 1 2 1 1 1 1 2 2 0 1 1
1 -1 2 2 1 1 0 2 2 2 0 1 0 2 1 0 0 1 2 2 0 1 1
2 2 -1 2 1 2 0 2 2 2 2 1 2 2 2 2 2 2 2 2 0 2 2
1 2 2 -1 1 2 0 2 2 2 2 1 0 2 2 0 2 2 2 2 0 1 2
1 1 1 1 -1 1 1 1 1 1 1 1 1 1 1 1 1 1 2 2 1 1 1
1 1 2 2 1 -1 0 2 2 2 1 1 0 2 1 0 1 1 2 2 0 1 1
0 0 0 0 1 0 -1 0 0 0 0 1 0 0 0 0 0 0 2 2 0 0 0
2 2 2 2 1 2 0 -1 2 2 2 1 2 2 2 2 2 2 2 2 0 2 2
1 2 2 2 1 2 0 2 -1 2 2 1 0 2 2 0 2 2 2 2 0 1 2
2 2 2 2 1 2 0 2 2 -1 2 1 2 2 2 2 2 2 2 2 0 2 2
1 0 2 2 1 1 0 2 2 2 -1 1 0 2 1 0 0 1 2 2 0 1 1
1 1 1 1 1 1 1 1 1 1 1 -1 1 1 1 1 1 1 2 2 1 1 1
1 0 2 0 1 0 0 2 0 2 0 1 -1 2 0 0 0 0 2 2 0 1 0
2 2 2 2 1 2 0 2 2 2 2 1 2 -1 2 2 2 2 2 2 0 2 2
1 1 2 2 1 1 0 2 2 2 1 1 0 2 -1 0 1 1 2 2 0 1 1
1 0 2 0 1 0 0 2 0 2 0 1 0 2 0 -1 0 0 2 2 0 1 0
1 0 2 2 1 1 0 2 2 2 0 1 0 2 1 0 -1 1 2 2 0 1 1
1 1 2 2 1 1 0 2 2 2 1 1 0 2 1 0 1 -1 2 2 0 1 1
2 2 2 2 2 2 2 2 2 2 2 2 2 2 2 2 2 2 -1 2 2 2 2
2 2 2 2 2 2 2 2 2 2 2 2 2 2 2 2 2 2 2 -1 2 2 2
0 0 0 0 1 0 0 0 0 0 0 1 0 0 0 0 0 0 2 2 -1 0 0
1 1 2 1 1 1 0 2 1 2 1 1 1 2 1 1 1 1 2 2 0 -1 1
1 1 2 2 1 1 0 2 2 2 1 1 0 2 1 0 1 1 2 2 0 1 -1
CONDITION_OF_ARC
-1 0 0 0 3 2 0 0 5 2 4 2 3 5 2 5 2 5 0 1 2 5 3
0 -1 2 5 2 2 3 0 5 2 2 0 4 0 0 2 0 0 1 5 2 0 0
0 2 -1 0 5 1 0 5 2 5 0 3 5 0 3 4 5 3 1 3 5 2 5
0 5 0 -1 1 0 2 0 5 3 5 3 4 1 0 4 3 5 5 3 2 0 0
3 2 5 1 -1 2 2 5 1 4 1 2 5 1 4 2 4 3 5 2 5 3 5
2 2 1 0 2 -1 5 3 4 4 5 1 5 2 2 1 5 0 1 1 5 5 5
0 3 0 2 2 5 -1 1 3 4 5 0 4 1 5 0 2 3 3 3 1 2 1
0 0 5 0 5 3 1 -1 5 5 4 4 1 2 1 5 0 3 0 0 5 4 5
5 5 2 5 1 4 3 5 -1 3 1 0 3 2 3 0 0 2 2 4 0 1 3
2 2 5 3 4 4 4 5 3 -1 2 2 1 0 5 3 4 5 2 5 2 2 5
4 2 0 5 1 5 5 4 1 2 -1 1 5 0 2 3 2 2 3 5 3 3 5
2 0 3 3 2 1 0 4 0 2 1 -1 2 2 2 0 5 1 5 4 5 1 5
3 4 5 4 5 5 4 1 3 1 5 2 -1 0 4 4 4 3 5 3 1 4 1
5 0 0 1 1 2 1 2 2 0 0 2 0 -1 5 5 5 1 3 4 3 3 3
2 0 3 0 4 2 5 1 3 5 2 2 4 5 -1 5 4 2 5 0 2 5 5
5 2 4 4 2 1 0 5 0 3 3 0 4 5 5 -1 2 2 3 0 5 1 2
2 0 5 3 4 5 2 0 0 4 2 5 4 5 4 2 -1 5 4 5 0 5 2
5 0 3 5 3 0 3 3 2 5 2 1 3 1 2 2 5 -1 5 2 1 1 4
0 1 1 5 5 1 3 0 2 2 3 5 5 3 5 3 4 5 -1 4 5 0 0
1 5 3 3 2 1 3 0 4 5 5 4 3 4 0 0 5 2 4 -1 2 4 1
2 2 5 2 5 5 1 5 0 2 3 5 1 3 2 5 0 1 5 2 -1 4 1
5 0 2 0 3 5 2 4 1 2 3 1 4 3 5 1 5 1 0 4 4 -1 2
3 0 5 0 5 5 1 5 3 5 5 5 1 3 5 2 2 4 0 1 1 2 -1
DISTANCE
0 13 21 32 22 23 12 22 32 32 20 28 29 29 30 29 10 31 39 43 15 2 26
13 0 12 19 11 24 12 18 20 26 7 18 16 21 32 17 6 30 27 31 18 13 24
21 12 0 15 22 16 10 8 12 14 10 29 18 9 23 23 11 20 19 24 14 19 13
32 19 15 0 21 31 25 23 7 24 12 25 9 17 37 15 22 32 10 12 29 32 27
22 11 22 21 0 35 23 29 26 36 12 7 13 30 44 9 17 41 31 32 30 23 35
23 24 16 31 35 0 12 8 25 13 26 43 35 16 8 39 19 9 31 37 7 20 5
12 12 10 25 23 12 0 10 22 20 16 30 26 17 21 28 6 20 29 35 6 10 14
22 18 8 23 29 8 10 0 17 10 18 36 27 9 15 31 14 12 24 30 9 20 5
32 20 12 7 26 25 22 17 0 16 15 31 16 10 31 22 22 25 7 12 25 31 21
32 26 14 24 36 13 20 10 16 0 25 43 31 7 15 36 24 9 21 27 18 30 7
20 7 10 12 12 26 16 18 15 25 0 18 10 18 34 13 11 30 20 24 22 20 24
28 18 29 25 7 43 30 36 31 43 18 0 16 36 51 10 24 48 35 36 37 29 42
29 16 18 9 13 35 26 27 16 31 10 16 0 24 42 6 21 38 19 20 32 30 32
29 21 9 17 30 16 17 9 10 7 18 36 24 0 21 29 20 15 15 21 18 27 11
30 32 23 37 44 8 21 15 31 15 34 51 42 21 0 46 27 6 36 42 15 28 10
29 17 23 15 9 39 28 31 22 36 13 10 6 29 46 0 23 43 25 26 34 30 37
10 6 11 22 17 19 6 14 22 24 11 24 21 20 27 23 0 26 29 33 13 9 20
31 30 20 32 41 9 20 12 25 9 30 48 38 15 6 43 26 0 30 36 16 29 6
39 27 19 10 31 31 29 24 7 21 20 35 19 15 36 25 29 30 0 6 32 38 26
43 31 24 12 32 37 35 30 12 27 24 36 20 21 42 26 33 36 6 0 38 43 32
15 18 14 29 30 7 6 9 25 18 22 37 32 18 15 34 13 16 32 38 0 13 11
2 13 19 32 23 20 10 20 31 30 20 29 30 27 28 30 9 29 38 43 13 0 24
26 24 13 27 35 5 14 5 21 7 24 42 32 11 10 37 20 6 26 32 11 24 0
DAMAGES
0 0 0
0 0 0.0167
0 0.0167 0.0391
0.0167 0.0391 0.0616
0.0391 0.0616 0.0941
0.0616 0.0941 0.1267
DEMAND_SECTION
1 0
2 7
3 30
4 16
5 23
6 11
7 19
8 15
9 28
10 8
11 8
12 7
13 14
14 6
15 19
16 11
17 12
18 26
19 17
20 6
21 15
22 5
23 10
