TYPE GCVRP
DIMENSION 40
CAPACITY 140
NUMBER_OF_VEHICLES 5
EDGE_WEIGHT_SECTION
0 47 50 59 50 45 48 55 6185 48 83 43 43 8140 49 6743 48 4788 48 53 58 7150 50 52 55 68 52 46 8140 50 57 59 44 12321 57 14127 15572 5067 53 62
47 0 43 6901 54 50 53 54 3111 49 59 47 63 60 55 57 49 55 51 12610 50 52 45 72 64 9258 5067 41 47 50 57 46 41 15210 6704 54 11236 8419 49 63
50 43 0 49 10375 47 57 12321 50 3594 53 44 5371 65 71 75 1815 59 55 75 4373 44 2260 68 14849 59 55 4260 61 47 51 50 46 8705 50 6901 53 52 3149 53
59 6901 49 0 67 61 60 61 7625 65 15572 60 100 73 66 119 59 17378 16655 95 42 55 48 58 66 69 9069 9792 3289 6179 61 51 74 125 90 47 4373 67 56 67
50 54 10375 67 0 48 51 13404 55 72 53 51 3390 45 66 47 75 43 1993 45 17378 66 10655 58 56 47 11772 6743 13169 12052 59 12890 50 55 9149 71 76 47 5815 11213
45 50 47 61 48 0 9069 74 81 51 5095 43 2552 56 57 44 3594 48 49 53 11598 5593 7582 70 72 54 67 47 85 64 6540 59 59 7263 51 61 111 47 45 52
48 53 57 60 51 9069 0 47 51 74 14127 53 67 54 3651 60 52 59 50 69 59 56 51 4012 45 47 49 43 53 13404 15210 54 51 15933 64 66 67 9792 49 82
55 54 12321 61 13404 74 47 0 3949 10260 125 92 58 63 50 18101 58 75 58 69 14488 91 9069 2205 46 52 47 68 71 65 19545 51 82 136 60 111 16655 15572 62 76
6185 3111 50 7625 55 81 51 3949 0 64 60 52 60 62 58 63 55 59 55 105 55 55 47 4228 50 81 47 48 48 55 12331 42 4788 77 91 88 58 59 55 15124
48 49 3594 65 72 51 74 10260 64 0 43 43 47 60 9149 52 46 5815 54 9594 53 44 5815 58 60 58 12052 52 56 3594 41 10934 4260 62 43 55 61 4927 1593 4260
83 59 53 15572 53 5095 14127 125 60 43 0 50 7986 63 66 51 47 53 64 10655 71 52 13404 18101 19184 72 63 59 12890 67 52 64 10153 57 44 65 68 68 3371 3651
43 47 44 60 51 43 53 92 52 43 50 0 45 59 57 53 2260 49 7301 90 7986 46 3594 65 61 56 55 44 71 45 7625 59 44 11236 4482 10514 58 49 41 88
43 63 5371 100 3390 2552 67 58 60 47 7986 45 0 53 72 59 62 44 3949 57 58 72 51 55 10875 6743 64 4508 58 6926 56 57 45 61 70 77 67 46 46 59
8140 60 65 73 45 56 54 63 62 60 63 59 53 0 6540 8979 10927 49 48 56 93 74 73 60 56 47 13448 9258 111 68 66 15124 57 61 64 81 103 73 63 64
49 55 71 66 66 57 3651 50 58 9149 66 57 72 6540 0 12682 81 53 3651 57 67 11149 11959 47 54 45 55 51 89 67 65 10095 80 16655 10927 125 20629 57 52 71
6743 57 75 119 47 44 60 18101 63 52 51 53 59 8979 12682 0 51 44 56 52 16655 53 59 78 78 58 14566 56 65 54 8708 63 8419 48 6704 19184 73 41 50 75
48 49 1815 59 75 3594 52 58 55 46 47 2260 62 10927 81 51 0 6704 75 10704 51 2260 46 55 60 86 58 5149 54 45 3371 78 52 71 2705 77 65 55 47 48
4788 55 59 17378 43 48 59 75 59 5815 53 49 44 49 53 44 6704 0 3949 47 64 55 85 58 12321 7022 63 50 72 56 58 72 53 51 54 19184 74 43 4705 59
48 51 55 16655 1993 49 50 58 55 54 64 7301 3949 48 3651 56 75 3949 0 63 17017 60 57 8708 72 47 58 50 92 94 11493 11493 53 65 66 71 132 47 51 60
53 12610 75 95 45 53 69 69 105 9594 10655 90 57 56 57 52 10704 47 63 0 77 98 63 65 14127 56 79 10655 68 80 61 69 58 62 60 79 82 49 79 62
58 50 4373 42 17378 11598 59 14488 55 53 71 7986 58 93 67 16655 51 64 17017 77 0 64 46 14849 69 19184 11236 10153 64 47 55 58 7986 82 78 46 45 108 78 65
7150 52 44 55 66 5593 56 91 55 44 52 46 72 74 11149 53 2260 55 60 98 64 0 49 59 60 72 94 72 56 45 44 55 51 7816 2037 7625 55 53 4038 6038
50 45 2260 48 10655 7582 51 9069 47 5815 13404 3594 51 73 11959 59 46 85 57 63 46 49 0 9430 58 60 50 3371 43 49 12321 47 50 67 70 50 53 84 47 66
52 72 68 58 58 70 4012 2205 4228 58 18101 65 55 60 47 78 55 58 8708 65 14849 59 9430 0 46 57 45 5818 53 15210 18462 6743 59 70 92 16655 68 62 60 74
55 64 14849 66 56 72 45 46 50 60 19184 61 10875 56 54 78 60 12321 72 14127 69 60 58 46 0 46 55 7986 10655 70 71 56 57 73 64 19907 89 72 8927 94
68 9258 59 69 47 54 47 52 81 58 72 56 6743 47 45 58 86 7022 47 56 19184 72 60 57 46 0 58 50 60 14287 66 70 55 73 12038 92 78 8140 56 68
52 5067 55 9069 11772 67 49 47 47 12052 63 55 64 13448 55 14566 58 63 58 79 11236 94 50 45 55 58 0 48 4508 84 14287 43 49 83 63 95 60 97 85 117
46 41 4260 9792 6743 47 43 68 48 52 59 44 4508 9258 51 56 5149 50 50 10655 10153 72 3371 5818 7986 50 48 0 6464 6260 60 6185 41 64 7594 69 14127 7301 49 108
8140 47 61 3289 13169 85 53 71 48 56 12890 71 58 111 89 65 54 72 92 68 64 56 43 53 10655 60 4508 6464 0 69 68 1714 49 68 57 68 52 60 55 66
50 50 47 6179 12052 64 13404 65 55 3594 67 45 6926 68 67 54 45 56 94 80 47 45 49 15210 70 14287 84 6260 69 0 61 55 50 55 53 5456 50 53 49 52
57 57 51 61 59 6540 15210 19545 12331 41 52 7625 56 66 65 8708 3371 58 11493 61 55 44 12321 18462 71 66 14287 60 68 61 0 63 82 52 44 96 106 61 47 57
59 46 50 51 12890 59 54 51 42 10934 64 59 57 15124 10095 63 78 72 11493 69 58 55 47 6743 56 70 43 6185 1714 55 63 0 55 114 59 78 54 61 82 66
44 41 46 74 50 59 51 82 4788 4260 10153 44 45 57 80 8419 52 53 53 58 7986 51 50 59 57 55 49 41 49 50 82 55 0 61 54 57 57 50 47 13404
12321 15210 8705 125 55 7263 15933 136 77 62 57 11236 61 61 16655 48 71 51 65 62 82 7816 67 70 73 73 83 64 68 55 52 114 61 0 50 71 22075 6540 48 49
57 6704 50 90 9149 51 64 60 91 43 44 4482 70 64 10927 6704 2705 54 66 60 78 2037 70 92 64 12038 63 7594 57 53 44 59 54 50 0 57 60 51 55 57
14127 54 6901 47 71 61 66 111 88 55 65 10514 77 81 125 19184 77 19184 71 79 46 7625 50 16655 19907 92 95 69 68 5456 96 78 57 71 57 0 48 83 59 17378
15572 11236 53 4373 76 111 67 16655 58 61 68 58 67 103 20629 73 65 74 132 82 45 55 53 68 89 78 60 14127 52 50 106 54 57 22075 60 48 0 73 13766 125
5067 8419 52 67 47 47 9792 15572 59 4927 68 49 46 73 57 41 55 43 47 49 108 53 84 62 72 8140 97 7301 60 53 61 61 50 6540 51 83 73 0 4038 55
53 49 3149 56 5815 45 49 62 55 1593 3371 41 46 63 52 50 47 4705 51 79 78 4038 47 60 8927 56 85 49 55 49 47 82 47 48 55 59 13766 4038 0 49
62 63 53 67 11213 52 82 76 15124 4260 3651 88 59 64 71 75 48 59 60 62 65 6038 66 74 94 68 117 108 66 52 57 66 13404 49 57 17378 125 55 49 0
TYPE_OF_ARC
-1 0 0 2 1 1 2 2 1 0 2 0 1 1 2 1 0 1 1 1 2 0 0 2 2 1 1 0 1 0 2 1 0 2 0 2 2 1 0 2
0 -1 0 2 1 1 2 2 1 0 2 0 1 1 2 1 0 1 1 1 2 0 0 2 2 1 1 0 1 0 2 1 0 2 0 2 2 1 0 2
0 0 -1 2 1 0 2 2 1 0 0 0 0 1 2 0 0 0 1 1 2 0 0 2 2 1 1 0 1 0 0 1 0 0 0 2 2 0 0 0
2 2 2 -1 2 2 2 2 2 2 2 2 2 2 2 2 2 2 2 2 2 2 2 2 2 2 2 2 2 2 2 2 2 2 2 2 2 2 2 2
1 1 1 2 -1 1 2 2 1 0 1 1 1 1 2 1 0 1 1 1 2 0 1 2 2 1 1 1 1 1 1 1 1 1 0 2 2 1 0 1
1 1 0 2 1 -1 2 2 1 0 2 1 1 1 2 1 0 1 1 1 2 0 1 2 2 1 1 1 1 0 2 1 1 2 0 2 2 1 0 2
2 2 2 2 2 2 -1 2 1 0 2 2 2 2 2 2 0 2 2 2 2 0 2 2 2 2 1 2 1 2 2 1 2 2 0 2 2 2 0 2
2 2 2 2 2 2 2 -1 1 0 2 2 2 2 2 2 0 2 2 2 2 0 2 2 2 2 1 2 1 2 2 1 2 2 0 2 2 2 0 2
1 1 1 2 1 1 1 1 -1 1 1 1 1 1 1 1 1 1 1 1 2 1 1 1 1 1 1 1 1 1 1 1 1 1 1 2 2 1 1 1
0 0 0 2 0 0 0 0 1 -1 0 0 0 0 0 0 0 0 0 0 2 0 0 0 0 0 1 0 1 0 0 1 0 0 0 2 2 0 0 0
2 2 0 2 1 2 2 2 1 0 -1 2 2 1 2 2 0 2 1 1 2 0 2 2 2 1 1 2 1 0 2 1 2 2 0 2 2 2 0 2
0 0 0 2 1 1 2 2 1 0 2 -1 1 1 2 1 0 1 1 1 2 0 0 2 2 1 1 0 1 0 2 1 0 2 0 2 2 1 0 2
1 1 0 2 1 1 2 2 1 0 2 1 -1 1 2 1 0 1 1 1 2 0 1 2 2 1 1 1 1 0 2 1 1 2 0 2 2 1 0 2
1 1 1 2 1 1 2 2 1 0 1 1 1 -1 2 1 0 1 1 1 2 0 1 2 2 1 1 1 1 1 1 1 1 1 0 2 2 1 0 1
2 2 2 2 2 2 2 2 1 0 2 2 2 2 -1 2 0 2 2 2 2 0 2 2 2 2 1 2 1 2 2 1 2 2 0 2 2 2 0 2
1 1 0 2 1 1 2 2 1 0 2 1 1 1 2 -1 0 1 1 1 2 0 1 2 2 1 1 1 1 0 2 1 1 2 0 2 2 1 0 2
0 0 0 2 0 0 0 0 1 0 0 0 0 0 0 0 -1 0 0 0 2 0 0 0 0 0 1 0 1 0 0 1 0 0 0 2 2 0 0 0
1 1 0 2 1 1 2 2 1 0 2 1 1 1 2 1 0 -1 1 1 2 0 1 2 2 1 1 1 1 0 2 1 1 2 0 2 2 1 0 2
1 1 1 2 1 1 2 2 1 0 1 1 1 1 2 1 0 1 -1 1 2 0 1 2 2 1 1 1 1 1 1 1 1 1 0 2 2 1 0 1
1 1 1 2 1 1 2 2 1 0 1 1 1 1 2 1 0 1 1 -1 2 0 1 2 2 1 1 1 1 1 1 1 1 1 0 2 2 1 0 1
2 2 2 2 2 2 2 2 2 2 2 2 2 2 2 2 2 2 2 2 -1 2 2 2 2 2 2 2 2 2 2 2 2 2 2 2 2 2 2 2
0 0 0 2 0 0 0 0 1 0 0 0 0 0 0 0 0 0 0 0 2 -1 0 0 0 0 1 0 1 0 0 1 0 0 0 2 2 0 0 0
0 0 0 2 1 1 2 2 1 0 2 0 1 1 2 1 0 1 1 1 2 0 -1 2 2 1 1 0 1 0 2 1 0 2 0 2 2 1 0 2
2 2 2 2 2 2 2 2 1 0 2 2 2 2 2 2 0 2 2 2 2 0 2 -1 2 2 1 2 1 2 2 1 2 2 0 2 2 2 0 2
2 2 2 2 2 2 2 2 1 0 2 2 2 2 2 2 0 2 2 2 2 0 2 2 -1 2 1 2 1 2 2 1 2 2 0 2 2 2 0 2
1 1 1 2 1 1 2 2 1 0 1 1 1 1 2 1 0 1 1 1 2 0 1 2 2 -1 1 1 1 1 1 1 1 1 0 2 2 1 0 1
1 1 1 2 1 1 1 1 1 1 1 1 1 1 1 1 1 1 1 1 2 1 1 1 1 1 -1 1 1 1 1 1 1 1 1 2 2 1 1 1
0 0 0 2 1 1 2 2 1 0 2 0 1 1 2 1 0 1 1 1 2 0 0 2 2 1 1 -1 1 0 2 1 0 2 0 2 2 1 0 2
1 1 1 2 1 1 1 1 1 1 1 1 1 1 1 1 1 1 1 1 2 1 1 1 1 1 1 1 -1 1 1 1 1 1 1 2 2 1 1 1
0 0 0 2 1 0 2 2 1 0 0 0 0 1 2 0 0 0 1 1 2 0 0 2 2 1 1 0 1 -1 0 1 0 0 0 2 2 0 0 0
2 2 0 2 1 2 2 2 1 0 2 2 2 1 2 2 0 2 1 1 2 0 2 2 2 1 1 2 1 0 -1 1 2 2 0 2 2 2 0 2
1 1 1 2 1 1 1 1 1 1 1 1 1 1 1 1 1 1 1 1 2 1 1 1 1 1 1 1 1 1 1 -1 1 1 1 2 2 1 1 1
0 0 0 2 1 1 2 2 1 0 2 0 1 1 2 1 0 1 1 1 2 0 0 2 2 1 1 0 1 0 2 1 -1 2 0 2 2 1 0 2
2 2 0 2 1 2 2 2 1 0 2 2 2 1 2 2 0 2 1 1 2 0 2 2 2 1 1 2 1 0 2 1 2 -1 0 2 2 2 0 2
0 0 0 2 0 0 0 0 1 0 0 0 0 0 0 0 0 0 0 0 2 0 0 0 0 0 1 0 1 0 0 1 0 0 -1 2 2 0 0 0
2 2 2 2 2 2 2 2 2 2 2 2 2 2 2 2 2 2 2 2 2 2 2 2 2 2 2 2 2 2 2 2 2 2 2 -1 2 2 2 2
2 2 2 2 2 2 2 2 2 2 2 2 2 2 2 2 2 2 2 2 2 2 2 2 2 2 2 2 2 2 2 2 2 2 2 2 -1 2 2 2
1 1 0 2 1 1 2 2 1 0 2 1 1 1 2 1 0 1 1 1 2 0 1 2 2 1 1 1 1 0 2 1 1 2 0 2 2 -1 0 2
0 0 0 2 0 0 0 0 1 0 0 0 0 0 0 0 0 0 0 0 2 0 0 0 0 0 1 0 1 0 0 1 0 0 0 2 2 0 -1 0
2 2 0 2 1 2 2 2 1 0 2 2 2 1 2 2 0 2 1 1 2 0 2 2 2 1 1 2 1 0 2 1 2 2 0 2 2 2 0 -1
CONDITION_OF_ARC
-1 0 0 0 3 2 0 0 5 2 4 2 3 5 2 5 2 5 0 1 2 5 3 2 0 4 1 4 5 1 2 3 3 5 3 5 5 5 4 2
0 -1 2 5 2 2 3 0 5 2 2 0 4 0 0 2 0 0 1 5 2 0 0 4 3 5 5 2 2 0 1 1 2 5 5 1 5 5 3 1
0 2 -1 0 5 1 0 5 2 5 0 3 5 0 3 4 5 3 1 3 5 2 5 3 5 1 0 5 4 4 0 2 0 5 3 5 2 2 5 1
0 5 0 -1 1 0 2 0 5 3 5 3 4 1 0 4 3 5 5 3 2 0 0 1 2 0 5 5 5 5 0 3 4 4 4 3 5 2 2 1
3 2 5 1 -1 2 2 5 1 4 1 2 5 1 4 2 4 3 5 2 5 3 5 0 2 2 5 5 5 5 0 5 1 0 5 0 2 0 5 5
2 2 1 0 2 -1 5 3 4 4 5 1 5 2 2 1 5 0 1 1 5 5 5 3 3 1 3 1 4 4 5 2 4 5 3 1 4 0 0 1
0 3 0 2 2 5 -1 1 3 4 5 0 4 1 5 0 2 3 3 3 1 2 1 5 1 1 2 2 2 5 5 0 0 5 3 2 0 5 2 3
0 0 5 0 5 3 1 -1 5 5 4 4 1 2 1 5 0 3 0 0 5 4 5 5 1 1 0 4 4 2 5 0 4 4 1 4 5 5 3 0
5 5 2 5 1 4 3 5 -1 3 1 0 3 2 3 0 0 2 2 4 0 1 3 5 1 4 4 0 0 0 5 1 5 3 4 4 2 2 0 5
2 2 5 3 4 4 4 5 3 -1 2 2 1 0 5 3 4 5 2 5 2 2 5 2 0 2 5 0 2 5 2 5 5 4 3 1 2 5 5 5
4 2 0 5 1 5 5 4 1 2 -1 1 5 0 2 3 2 2 3 5 3 3 5 5 5 3 1 2 5 4 4 2 5 4 2 2 0 4 5 5
2 0 3 3 2 1 0 4 0 2 1 -1 2 2 2 0 5 1 5 4 5 1 5 3 0 2 0 2 4 1 5 3 4 5 5 5 1 2 2 4
3 4 5 4 5 5 4 1 3 1 5 2 -1 0 4 4 4 3 5 3 1 4 1 1 5 5 3 5 0 5 0 2 2 3 4 3 0 0 3 0
5 0 0 1 1 2 1 2 2 0 0 2 0 -1 5 5 5 1 3 4 3 3 3 0 0 3 5 5 4 0 0 5 1 2 2 2 3 4 3 1
2 0 3 0 4 2 5 1 3 5 2 2 4 5 -1 5 4 2 5 0 2 5 5 2 4 0 0 0 4 0 1 5 4 5 5 4 5 0 1 2
5 2 4 4 2 1 0 5 0 3 3 0 4 5 5 -1 2 2 3 0 5 1 2 3 3 0 5 0 2 1 5 1 5 3 5 5 0 2 0 4
2 0 5 3 4 5 2 0 0 4 2 5 4 5 4 2 -1 5 4 5 0 5 2 1 0 4 0 5 0 0 5 4 4 4 5 4 3 3 4 1
5 0 3 5 3 0 3 3 2 5 2 1 3 1 2 2 5 -1 5 2 1 1 4 1 5 5 0 1 3 2 0 3 0 1 2 5 2 0 5 0
0 1 1 5 5 1 3 0 2 2 3 5 5 3 5 3 4 5 -1 4 5 0 0 5 4 0 0 0 4 4 5 5 0 3 3 2 4 1 2 1
1 5 3 3 2 1 3 0 4 5 5 4 3 4 0 0 5 2 4 -1 2 4 1 0 5 3 3 5 1 3 1 0 1 3 1 0 0 1 4 2
2 2 5 2 5 5 1 5 0 2 3 5 1 3 2 5 0 1 5 2 -1 4 1 5 2 5 5 5 4 3 1 3 5 3 4 0 1 4 4 0
5 0 2 0 3 5 2 4 1 2 3 1 4 3 5 1 5 1 0 4 4 -1 2 2 1 3 4 4 0 0 1 1 0 5 5 5 2 1 5 5
3 0 5 0 5 5 1 5 3 5 5 5 1 3 5 2 2 4 0 1 1 2 -1 5 1 0 0 5 1 3 5 3 4 2 4 2 2 4 1 2
2 4 3 1 0 3 5 5 5 2 5 3 1 0 2 3 1 1 5 0 5 2 5 -1 0 3 1 5 2 5 5 5 3 1 4 5 2 2 3 0
0 3 5 2 2 3 1 1 1 0 5 0 5 0 4 3 0 5 4 5 2 1 1 0 -1 1 3 5 5 2 0 2 2 2 0 5 3 3 5 3
4 5 1 0 2 1 1 1 4 2 3 2 5 3 0 0 4 5 0 3 5 3 0 3 1 -1 0 1 1 5 0 3 2 3 5 3 2 5 2 0
1 5 0 5 5 3 2 0 4 5 1 0 3 5 0 5 0 0 0 3 5 4 0 1 3 0 -1 2 5 4 5 2 1 3 0 4 2 4 4 4
4 2 5 5 5 1 2 4 0 0 2 2 5 5 0 0 5 1 0 5 5 4 5 5 5 1 2 -1 5 5 2 5 2 2 5 3 5 5 0 4
5 2 4 5 5 4 2 4 0 2 5 4 0 4 4 2 0 3 4 1 4 0 1 2 5 1 5 5 -1 4 3 5 1 2 1 4 0 1 2 2
1 0 4 5 5 4 5 2 0 5 4 1 5 0 0 1 0 2 4 3 3 0 3 5 2 5 4 5 4 -1 4 0 3 1 4 5 1 1 0 1
2 1 0 0 0 5 5 5 5 2 4 5 0 0 1 5 5 0 5 1 1 1 5 5 0 0 5 2 3 4 -1 0 4 0 4 4 4 3 3 4
3 1 2 3 5 2 0 0 1 5 2 3 2 5 5 1 4 3 5 0 3 1 3 5 2 3 2 5 5 0 0 -1 3 4 1 4 2 1 4 1
3 2 0 4 1 4 0 4 5 5 5 4 2 1 4 5 4 0 0 1 5 0 4 3 2 2 1 2 1 3 4 3 -1 0 3 0 1 2 0 5
5 5 5 4 0 5 5 4 3 4 4 5 3 2 5 3 4 1 3 3 3 5 2 1 2 3 3 2 2 1 0 4 0 -1 1 0 5 5 1 3
3 5 3 4 5 3 3 1 4 3 2 5 4 2 5 5 5 2 3 1 4 5 4 4 0 5 0 5 1 4 4 1 3 1 -1 2 2 1 4 4
5 1 5 3 0 1 2 4 4 1 2 5 3 2 4 5 4 5 2 0 0 5 2 5 5 3 4 3 4 5 4 4 0 0 2 -1 4 3 0 5
5 5 2 5 2 4 0 5 2 2 0 1 0 3 5 0 3 2 4 0 1 2 2 2 3 2 2 5 0 1 4 2 1 5 2 4 -1 2 5 4
5 5 2 2 0 0 5 5 2 5 4 2 0 4 0 2 3 0 1 1 4 1 4 2 3 5 4 5 1 1 3 1 2 5 1 3 2 -1 5 2
4 3 5 2 5 0 2 3 0 5 5 2 3 3 1 0 4 5 2 4 4 5 1 3 5 2 4 0 2 0 3 4 0 1 4 0 5 5 -1 2
2 1 1 1 5 1 3 0 5 5 5 4 0 1 2 4 1 0 1 2 0 5 2 0 3 0 4 4 2 1 4 1 5 3 4 5 4 2 2 -1
DISTANCE
0 13 21 32 17 14 11 26 22 23 28 12 8 29 18 24 22 17 14 31 32 32 20 22 25 23 28 8 29 29 30 29 10 34 31 39 43 18 15 38
13 0 12 19 31 22 16 22 11 24 34 12 20 41 26 36 18 30 27 45 20 26 7 21 29 33 18 8 16 21 32 17 6 42 30 27 31 30 18 43
21 12 0 15 37 21 28 34 22 16 28 10 24 50 37 35 8 34 35 50 12 14 10 33 41 43 29 19 18 9 23 23 11 39 20 19 24 31 14 35
32 19 15 0 49 36 35 35 21 31 43 25 38 61 45 50 23 48 46 64 7 24 12 36 45 51 25 27 9 17 37 15 22 54 32 10 12 46 29 49
17 31 37 49 0 20 21 37 37 32 31 26 12 15 17 18 35 7 7 14 48 44 38 31 28 17 42 24 47 43 38 46 26 30 41 55 60 12 26 40
14 22 21 36 20 0 25 40 33 12 14 11 9 35 30 14 16 14 23 31 32 25 27 36 38 33 40 20 37 25 18 39 16 20 21 39 45 11 7 24
11 16 28 35 21 25 0 16 18 34 39 21 18 27 10 34 31 24 14 34 37 41 23 11 13 16 21 9 29 37 42 27 17 44 42 44 47 27 26 49
26 22 34 35 37 40 16 0 14 46 54 33 34 39 21 50 41 41 30 50 40 49 25 6 14 26 11 19 26 43 54 20 27 60 53 45 46 43 39 63
22 11 22 21 37 33 18 14 0 35 45 23 30 45 27 46 29 39 32 52 26 36 12 15 25 33 7 14 13 30 44 9 17 54 41 31 32 40 30 54
23 24 16 31 32 12 34 46 35 0 12 12 21 47 41 23 8 26 35 43 25 13 26 43 47 45 43 26 35 16 8 39 19 23 9 31 37 22 7 19
28 34 28 43 31 14 39 54 45 12 0 21 22 46 44 15 20 24 36 38 37 23 37 50 53 47 52 34 46 27 9 50 28 12 15 43 49 19 15 10
12 12 10 25 26 11 21 33 23 12 21 0 14 40 30 25 10 23 26 40 22 20 16 30 35 35 30 13 26 17 21 28 6 31 20 29 35 21 6 31
8 20 24 38 12 9 18 34 30 21 22 14 0 26 21 16 22 9 14 26 36 32 27 29 30 24 36 16 37 31 27 37 15 26 30 43 48 10 14 32
29 41 50 61 15 35 27 39 45 47 46 40 26 0 18 32 49 22 14 14 61 59 48 33 27 13 48 33 56 57 53 54 39 43 56 68 72 27 41 54
18 26 37 45 17 30 10 21 27 41 44 30 21 18 0 35 40 24 10 29 47 50 33 15 10 6 30 18 39 46 48 36 26 46 49 54 57 28 33 54
24 36 35 50 18 14 34 50 46 23 15 25 16 32 35 0 29 11 25 23 46 36 41 45 45 36 52 32 51 38 24 53 30 11 30 53 59 7 21 23
22 18 8 23 35 16 31 41 29 8 20 10 22 49 40 29 0 30 35 48 17 10 18 39 45 45 36 23 27 9 15 31 14 31 12 24 30 27 9 26
17 30 34 48 7 14 24 41 39 26 24 23 9 22 24 11 30 0 14 17 46 39 37 35 34 25 45 25 46 39 31 47 25 23 35 53 58 5 21 32
14 27 35 46 7 23 14 30 32 35 36 26 14 14 10 25 35 14 0 20 47 45 34 24 21 11 36 19 42 43 41 41 24 37 44 54 58 18 28 45
31 45 50 64 14 31 34 50 52 43 38 40 26 14 29 23 48 17 20 0 62 56 52 44 39 25 56 38 61 57 47 60 41 33 52 70 75 21 38 46
32 20 12 7 48 32 37 40 26 25 37 22 36 61 47 46 17 46 47 62 0 16 15 41 49 53 31 28 16 10 31 22 22 49 25 7 12 43 25 43
32 26 14 24 44 25 41 49 36 13 23 20 32 59 50 36 10 39 45 56 16 0 25 48 54 55 43 32 31 7 15 36 24 35 9 21 27 36 18 27
20 7 10 12 38 27 23 25 12 26 37 16 27 48 33 41 18 37 34 52 15 25 0 26 34 39 18 15 10 18 34 13 11 47 30 20 24 36 22 45
22 21 33 36 31 36 11 6 15 43 50 30 29 33 15 45 39 35 24 44 41 48 26 0 9 21 15 16 28 42 51 24 24 55 51 46 48 38 36 60
25 29 41 45 28 38 13 14 25 47 53 35 30 27 10 45 45 34 21 39 49 54 34 9 0 14 24 22 38 50 55 33 30 56 56 55 57 38 40 63
23 33 43 51 17 33 16 26 33 45 47 35 24 13 6 36 45 25 11 25 53 55 39 21 14 0 36 25 46 51 52 43 32 48 54 60 64 29 38 56
28 18 29 25 42 40 21 11 7 43 52 30 36 48 30 52 36 45 36 56 31 43 18 15 24 36 0 20 16 36 51 10 24 61 48 35 36 46 37 61
8 8 19 27 24 20 9 19 14 26 34 13 16 33 18 32 23 25 19 38 28 32 15 16 22 25 20 0 23 28 35 22 8 41 34 35 39 26 19 43
29 16 18 9 47 37 29 26 13 35 46 26 37 56 39 51 27 46 42 61 16 31 10 28 38 46 16 23 0 24 42 6 21 57 38 19 20 46 32 54
29 21 9 17 43 25 37 43 30 16 27 17 31 57 46 38 9 39 43 57 10 7 18 42 50 51 36 28 24 0 21 29 20 39 15 15 21 36 18 33
30 32 23 37 38 18 42 54 44 8 9 21 27 53 48 24 15 31 41 47 31 15 34 51 55 52 51 35 42 21 0 46 27 20 6 36 42 26 15 12
29 17 23 15 46 39 27 20 9 39 50 28 37 54 36 53 31 47 41 60 22 36 13 24 33 43 10 22 6 29 46 0 23 59 43 25 26 47 34 58
10 6 11 22 26 16 17 27 17 19 28 6 15 39 26 30 14 25 24 41 22 24 11 24 30 32 24 8 21 20 27 23 0 36 26 29 33 24 13 37
34 42 39 54 30 20 44 60 54 23 12 31 26 43 46 11 31 23 37 33 49 35 47 55 56 48 61 41 57 39 20 59 36 0 27 55 61 18 25 13
31 30 20 32 41 21 42 53 41 9 15 20 30 56 49 30 12 35 44 52 25 9 30 51 56 54 48 34 38 15 6 43 26 27 0 30 36 31 16 18
39 27 19 10 55 39 44 45 31 31 43 29 43 68 54 53 24 53 54 70 7 21 20 46 55 60 35 35 19 15 36 25 29 55 30 0 6 50 32 48
43 31 24 12 60 45 47 46 32 37 49 35 48 72 57 59 30 58 58 75 12 27 24 48 57 64 36 39 20 21 42 26 33 61 36 6 0 56 38 54
18 30 31 46 12 11 27 43 40 22 19 21 10 27 28 7 27 5 18 21 43 36 36 38 38 29 46 26 46 36 26 47 24 18 31 50 56 0 18 27
15 18 14 29 26 7 26 39 30 7 15 6 14 41 33 21 9 21 28 38 25 18 22 36 40 38 37 19 32 18 15 34 13 25 16 32 38 18 0 24
38 43 35 49 40 24 49 63 54 19 10 31 32 54 54 23 26 32 45 46 43 27 45 60 63 56 61 43 54 33 12 58 37 13 18 48 54 27 24 0
DAMAGES
0 0 0
0 0 0.0167
0 0.0167 0.0391
0.0167 0.0391 0.0616
0.0391 0.0616 0.0941
0.0616 0.0941 0.1267
DEMAND_SECTION
1 0
2 7
3 30
4 16
5 9
6 21
7 15
8 19
9 23
10 11
11 5
12 19
13 29
14 23
15 21
16 10
17 15
18 3
19 41
20 9
21 28
22 8
23 8
24 16
25 10
26 28
27 7
28 15
29 14
30 6
31 19
32 11
33 12
34 23
35 26
36 17
37 6
38 9
39 15
40 14
