TYPE GCVRP
DIMENSION 40
CAPACITY 140
NUMBER_OF_VEHICLES 5
EDGE_WEIGHT_SECTION
0 48 51 56 50 45 47 55 6185 50 74 44 43 8140 47 6743 50 4788 48 53 55 8979 52 52 55 68 52 48 8140 52 53 59 46 9537 60 10934 12052 5067 57 58
48 0 44 5346 54 50 50 54 3111 50 56 47 63 60 53 57 50 55 51 12610 48 53 45 72 64 9258 5067 42 47 51 54 46 41 11772 8419 51 8698 8419 51 59
51 44 0 49 10375 49 57 12321 48 5818 57 46 6743 62 71 83 2928 63 58 69 4373 46 2260 68 14849 63 53 5346 57 52 54 48 47 14127 55 6901 53 54 5095 58
56 5346 49 0 62 58 56 61 4705 65 15572 56 87 64 63 103 59 13448 12890 77 41 55 47 58 66 65 5593 7582 2037 6179 61 47 67 125 90 44 2705 62 56 67
50 54 10375 62 0 48 49 13404 55 80 55 51 3390 44 60 47 83 43 1993 44 13448 71 10655 58 56 47 11772 6743 13169 12052 59 12890 50 58 11493 66 70 47 7301 14488
45 50 49 58 48 0 7022 74 81 53 5095 43 2552 54 53 44 4508 48 49 51 8979 7022 7582 70 72 54 67 47 85 70 5067 59 59 7263 54 57 96 47 45 52
47 50 57 56 49 7022 0 47 49 93 14127 51 61 50 2832 57 57 55 48 59 55 64 48 4012 45 46 48 42 51 13404 15210 52 50 15933 75 61 63 7582 54 82
55 54 12321 61 13404 74 47 0 5095 16655 125 92 58 63 50 18101 64 75 58 69 14488 118 9069 2205 46 52 48 68 80 65 19545 52 82 136 68 111 16655 15572 73 76
6185 3111 48 4705 55 81 49 5095 0 60 64 52 60 58 55 63 53 59 53 93 52 53 45 5456 52 73 45 48 47 54 9816 41 4788 86 81 71 53 59 54 19545
50 50 5818 65 80 53 93 16655 60 0 45 44 49 60 14849 55 51 7301 60 9594 53 46 5815 65 67 66 9594 53 54 5818 43 8705 5346 75 45 55 61 6185 2567 6901
74 56 57 15572 55 5095 14127 125 64 45 0 49 7986 60 66 51 50 53 70 8483 71 59 13404 18101 19184 80 68 56 16655 82 52 70 7861 57 47 65 68 68 5456 3651
44 47 46 56 51 43 51 92 52 44 49 0 45 59 53 53 2832 49 7301 90 6185 47 4508 65 61 56 55 45 71 46 5905 59 46 8698 5625 8140 55 49 41 78
43 63 6743 87 3390 2552 61 58 60 49 7986 45 0 52 65 59 67 44 3949 54 55 80 51 55 10875 6743 64 4508 58 8698 54 57 45 61 77 70 63 46 48 59
8140 60 62 64 44 54 50 63 58 60 60 59 52 0 4038 7150 10927 47 46 52 76 74 67 60 56 46 10704 9258 98 65 63 12038 57 58 64 69 83 67 63 60
47 53 71 63 60 53 2832 50 55 14849 66 53 65 4038 0 9816 103 50 2832 53 62 18101 7372 47 54 45 54 50 80 67 65 8038 71 16655 17740 107 15963 55 57 71
6743 57 83 103 47 44 57 18101 63 55 51 53 59 7150 9816 0 53 44 56 51 12890 55 59 78 78 58 14566 56 65 57 6743 63 8419 48 8419 14845 68 41 51 75
50 50 2928 59 83 4508 57 64 53 51 50 2832 67 10927 103 53 0 8419 95 10704 51 3651 46 61 66 111 56 6464 52 46 5456 71 56 88 4373 77 65 58 52 52
4788 55 63 13448 43 48 55 75 59 7301 53 49 44 47 50 44 8419 0 3949 46 60 57 85 58 12321 7022 63 50 72 59 56 72 53 51 56 14845 68 43 5905 59
48 51 58 12890 1993 49 48 58 53 60 70 7301 3949 46 2832 56 95 3949 0 59 13169 66 56 8708 72 47 56 50 82 108 14849 9149 53 71 78 66 113 47 56 64
53 12610 69 77 44 51 59 69 93 9594 8483 90 54 52 53 51 10704 46 59 0 66 98 60 65 14127 53 73 10655 64 73 58 65 58 59 60 70 72 47 79 59
55 48 4373 41 13448 8979 55 14488 52 53 71 6185 55 76 62 12890 51 60 13169 66 0 64 44 14849 69 14845 6926 7861 55 47 55 52 6185 82 78 45 43 94 78 65
8979 53 46 55 71 7022 64 118 53 46 59 47 80 74 18101 55 3651 57 66 98 64 0 49 68 69 88 84 80 54 46 46 53 53 12682 3289 7625 55 55 6540 9792
52 45 2260 47 10655 7582 48 9069 45 5815 13404 4508 51 67 7372 59 46 85 56 60 44 49 0 9430 58 58 49 4228 42 49 7594 46 52 67 70 47 49 84 47 66
52 72 68 58 58 70 4012 2205 5456 65 18101 65 55 60 47 78 61 58 8708 65 14849 68 9430 0 46 57 46 5818 56 15210 18462 8708 59 70 121 16655 68 62 70 74
55 64 14849 66 56 72 45 46 52 67 19184 61 10875 56 54 78 66 12321 72 14127 69 69 58 46 0 46 59 7986 13766 70 71 59 57 73 72 19907 89 72 14488 94
68 9258 63 65 47 54 46 52 73 66 80 56 6743 46 45 58 111 7022 47 53 14845 88 58 57 46 0 56 50 57 18462 70 65 55 81 19545 83 71 8140 62 72
52 5067 53 5593 11772 67 48 48 45 9594 68 55 64 10704 54 14566 56 63 56 73 6926 84 49 46 59 56 0 48 3594 76 11371 43 49 93 61 75 54 97 77 137
48 42 5346 7582 6743 47 42 68 48 53 56 45 4508 9258 50 56 6464 50 50 10655 7861 80 4228 5818 7986 50 48 0 6464 7861 56 6185 42 59 9537 64 10934 7301 50 94
8140 47 57 2037 13169 85 51 80 47 54 16655 71 58 98 80 65 52 72 82 64 55 54 42 56 13766 57 3594 6464 0 63 64 1371 49 74 54 58 49 60 53 71
52 51 52 6179 12052 70 13404 65 54 5818 82 46 8698 65 67 57 46 59 108 73 47 46 49 15210 70 18462 76 7861 63 0 72 53 52 61 62 5456 50 55 51 57
53 54 54 61 59 5067 15210 19545 9816 43 52 5905 54 63 65 6743 5456 56 14849 58 55 46 7594 18462 71 70 11371 56 64 72 0 60 73 52 48 96 106 57 51 57
59 46 48 47 12890 59 52 52 41 8705 70 59 57 12038 8038 63 71 72 9149 65 52 53 46 8708 59 65 43 6185 1371 53 60 0 55 133 57 64 49 61 74 71
46 41 47 67 50 59 50 82 4788 5346 7861 46 45 57 71 8419 56 53 53 58 6185 53 52 59 57 55 49 42 49 52 73 55 0 58 57 55 54 50 48 10375
9537 11772 14127 125 58 7263 15933 136 86 75 57 8698 61 58 16655 48 88 51 71 59 82 12682 67 70 73 81 93 59 74 61 52 133 58 0 54 71 22075 6540 52 49
60 8419 55 90 11493 54 75 68 81 45 47 5625 77 64 17740 8419 4373 56 78 60 78 3289 70 121 72 19545 61 9537 54 62 48 57 57 54 0 57 60 53 64 67
10934 51 6901 44 66 57 61 111 71 55 65 8140 70 69 107 14845 77 14845 66 70 45 7625 47 16655 19907 83 75 64 58 5456 96 64 55 71 57 0 44 75 59 17378
12052 8698 53 2705 70 96 63 16655 53 61 68 55 63 83 15963 68 65 68 113 72 43 55 49 68 89 71 54 10934 49 50 106 49 54 22075 60 44 0 68 13766 125
5067 8419 54 62 47 47 7582 15572 59 6185 68 49 46 67 55 41 58 43 47 47 94 55 84 62 72 8140 97 7301 60 55 57 61 50 6540 53 75 68 0 5067 55
57 51 5095 56 7301 45 54 73 54 2567 5456 41 48 63 57 51 52 5905 56 79 78 6540 47 70 14488 62 77 50 53 51 51 74 48 52 64 59 13766 5067 0 53
58 59 58 67 14488 52 82 76 19545 6901 3651 78 59 60 71 75 52 59 64 59 65 9792 66 74 94 72 137 94 71 57 57 71 10375 49 67 17378 125 55 53 0
TYPE_OF_ARC
-1 1 1 1 1 1 1 2 1 1 1 1 1 1 1 1 1 1 1 1 1 1 1 2 2 1 1 1 1 1 1 1 1 1 1 1 1 1 1 1
1 -1 1 1 1 1 1 2 1 1 1 1 1 1 1 1 1 1 1 1 1 1 1 2 2 1 1 1 1 1 1 1 1 1 1 1 1 1 1 1
1 1 -1 2 1 1 2 2 0 2 2 1 1 0 2 1 2 1 2 0 2 2 0 2 2 2 0 1 0 2 2 0 1 2 2 2 2 1 2 2
1 1 2 -1 1 1 1 2 0 2 2 1 1 0 1 1 2 1 1 0 0 2 0 2 2 1 0 1 0 2 2 0 1 2 2 0 0 1 2 2
1 1 1 1 -1 1 1 2 1 1 2 1 1 0 1 1 1 1 1 0 1 1 1 2 2 1 1 1 1 1 1 1 1 2 1 1 1 1 1 2
1 1 1 1 1 -1 1 2 1 1 2 1 1 0 1 1 1 1 1 0 1 1 1 2 2 1 1 1 1 1 1 1 1 2 1 1 1 1 1 2
1 1 2 1 1 1 -1 2 0 2 2 1 1 0 1 1 2 1 1 0 1 2 0 2 2 1 0 1 0 2 2 0 1 2 2 1 1 1 2 2
2 2 2 2 2 2 2 -1 2 2 2 2 2 2 2 2 2 2 2 2 2 2 2 2 2 2 2 2 2 2 2 2 2 2 2 2 2 2 2 2
1 1 0 0 1 1 0 2 -1 0 2 1 1 0 0 1 0 1 0 0 0 0 0 2 2 0 0 1 0 0 0 0 1 2 0 0 0 1 0 2
1 1 2 2 1 1 2 2 0 -1 2 1 1 0 2 1 2 1 2 0 2 2 0 2 2 2 0 1 0 2 2 0 1 2 2 2 2 1 2 2
1 1 2 2 2 2 2 2 2 2 -1 1 2 0 2 2 2 2 2 0 2 2 2 2 2 2 2 1 2 2 2 2 1 2 2 2 2 2 2 2
1 1 1 1 1 1 1 2 1 1 1 -1 1 1 1 1 1 1 1 1 1 1 1 2 2 1 1 1 1 1 1 1 1 1 1 1 1 1 1 1
1 1 1 1 1 1 1 2 1 1 2 1 -1 0 1 1 1 1 1 0 1 1 1 2 2 1 1 1 1 1 1 1 1 2 1 1 1 1 1 2
1 1 0 0 0 0 0 2 0 0 0 1 0 -1 0 0 0 0 0 0 0 0 0 2 2 0 0 1 0 0 0 0 1 0 0 0 0 0 0 0
1 1 2 1 1 1 1 2 0 2 2 1 1 0 -1 1 2 1 1 0 1 2 0 2 2 1 0 1 0 2 2 0 1 2 2 1 1 1 2 2
1 1 1 1 1 1 1 2 1 1 2 1 1 0 1 -1 1 1 1 0 1 1 1 2 2 1 1 1 1 1 1 1 1 2 1 1 1 1 1 2
1 1 2 2 1 1 2 2 0 2 2 1 1 0 2 1 -1 1 2 0 2 2 0 2 2 2 0 1 0 2 2 0 1 2 2 2 2 1 2 2
1 1 1 1 1 1 1 2 1 1 2 1 1 0 1 1 1 -1 1 0 1 1 1 2 2 1 1 1 1 1 1 1 1 2 1 1 1 1 1 2
1 1 2 1 1 1 1 2 0 2 2 1 1 0 1 1 2 1 -1 0 1 2 0 2 2 1 0 1 0 2 2 0 1 2 2 1 1 1 2 2
1 1 0 0 0 0 0 2 0 0 0 1 0 0 0 0 0 0 0 -1 0 0 0 2 2 0 0 1 0 0 0 0 1 0 0 0 0 0 0 0
1 1 2 0 1 1 1 2 0 2 2 1 1 0 1 1 2 1 1 0 -1 2 0 2 2 1 0 1 0 2 2 0 1 2 2 0 0 1 2 2
1 1 2 2 1 1 2 2 0 2 2 1 1 0 2 1 2 1 2 0 2 -1 0 2 2 2 0 1 0 2 2 0 1 2 2 2 2 1 2 2
1 1 0 0 1 1 0 2 0 0 2 1 1 0 0 1 0 1 0 0 0 0 -1 2 2 0 0 1 0 0 0 0 1 2 0 0 0 1 0 2
2 2 2 2 2 2 2 2 2 2 2 2 2 2 2 2 2 2 2 2 2 2 2 -1 2 2 2 2 2 2 2 2 2 2 2 2 2 2 2 2
2 2 2 2 2 2 2 2 2 2 2 2 2 2 2 2 2 2 2 2 2 2 2 2 -1 2 2 2 2 2 2 2 2 2 2 2 2 2 2 2
1 1 2 1 1 1 1 2 0 2 2 1 1 0 1 1 2 1 1 0 1 2 0 2 2 -1 0 1 0 2 2 0 1 2 2 1 1 1 2 2
1 1 0 0 1 1 0 2 0 0 2 1 1 0 0 1 0 1 0 0 0 0 0 2 2 0 -1 1 0 0 0 0 1 2 0 0 0 1 0 2
1 1 1 1 1 1 1 2 1 1 1 1 1 1 1 1 1 1 1 1 1 1 1 2 2 1 1 -1 1 1 1 1 1 1 1 1 1 1 1 1
1 1 0 0 1 1 0 2 0 0 2 1 1 0 0 1 0 1 0 0 0 0 0 2 2 0 0 1 -1 0 0 0 1 2 0 0 0 1 0 2
1 1 2 2 1 1 2 2 0 2 2 1 1 0 2 1 2 1 2 0 2 2 0 2 2 2 0 1 0 -1 2 0 1 2 2 2 2 1 2 2
1 1 2 2 1 1 2 2 0 2 2 1 1 0 2 1 2 1 2 0 2 2 0 2 2 2 0 1 0 2 -1 0 1 2 2 2 2 1 2 2
1 1 0 0 1 1 0 2 0 0 2 1 1 0 0 1 0 1 0 0 0 0 0 2 2 0 0 1 0 0 0 -1 1 2 0 0 0 1 0 2
1 1 1 1 1 1 1 2 1 1 1 1 1 1 1 1 1 1 1 1 1 1 1 2 2 1 1 1 1 1 1 1 -1 1 1 1 1 1 1 1
1 1 2 2 2 2 2 2 2 2 2 1 2 0 2 2 2 2 2 0 2 2 2 2 2 2 2 1 2 2 2 2 1 -1 2 2 2 2 2 2
1 1 2 2 1 1 2 2 0 2 2 1 1 0 2 1 2 1 2 0 2 2 0 2 2 2 0 1 0 2 2 0 1 2 -1 2 2 1 2 2
1 1 2 0 1 1 1 2 0 2 2 1 1 0 1 1 2 1 1 0 0 2 0 2 2 1 0 1 0 2 2 0 1 2 2 -1 0 1 2 2
1 1 2 0 1 1 1 2 0 2 2 1 1 0 1 1 2 1 1 0 0 2 0 2 2 1 0 1 0 2 2 0 1 2 2 0 -1 1 2 2
1 1 1 1 1 1 1 2 1 1 2 1 1 0 1 1 1 1 1 0 1 1 1 2 2 1 1 1 1 1 1 1 1 2 1 1 1 -1 1 2
1 1 2 2 1 1 2 2 0 2 2 1 1 0 2 1 2 1 2 0 2 2 0 2 2 2 0 1 0 2 2 0 1 2 2 2 2 1 -1 2
1 1 2 2 2 2 2 2 2 2 2 1 2 0 2 2 2 2 2 0 2 2 2 2 2 2 2 1 2 2 2 2 1 2 2 2 2 2 2 -1
CONDITION_OF_ARC
-1 0 0 0 3 2 0 0 5 2 4 2 3 5 2 5 2 5 0 1 2 5 3 2 0 4 1 4 5 1 2 3 3 5 3 5 5 5 4 2
0 -1 2 5 2 2 3 0 5 2 2 0 4 0 0 2 0 0 1 5 2 0 0 4 3 5 5 2 2 0 1 1 2 5 5 1 5 5 3 1
0 2 -1 0 5 1 0 5 2 5 0 3 5 0 3 4 5 3 1 3 5 2 5 3 5 1 0 5 4 4 0 2 0 5 3 5 2 2 5 1
0 5 0 -1 1 0 2 0 5 3 5 3 4 1 0 4 3 5 5 3 2 0 0 1 2 0 5 5 5 5 0 3 4 4 4 3 5 2 2 1
3 2 5 1 -1 2 2 5 1 4 1 2 5 1 4 2 4 3 5 2 5 3 5 0 2 2 5 5 5 5 0 5 1 0 5 0 2 0 5 5
2 2 1 0 2 -1 5 3 4 4 5 1 5 2 2 1 5 0 1 1 5 5 5 3 3 1 3 1 4 4 5 2 4 5 3 1 4 0 0 1
0 3 0 2 2 5 -1 1 3 4 5 0 4 1 5 0 2 3 3 3 1 2 1 5 1 1 2 2 2 5 5 0 0 5 3 2 0 5 2 3
0 0 5 0 5 3 1 -1 5 5 4 4 1 2 1 5 0 3 0 0 5 4 5 5 1 1 0 4 4 2 5 0 4 4 1 4 5 5 3 0
5 5 2 5 1 4 3 5 -1 3 1 0 3 2 3 0 0 2 2 4 0 1 3 5 1 4 4 0 0 0 5 1 5 3 4 4 2 2 0 5
2 2 5 3 4 4 4 5 3 -1 2 2 1 0 5 3 4 5 2 5 2 2 5 2 0 2 5 0 2 5 2 5 5 4 3 1 2 5 5 5
4 2 0 5 1 5 5 4 1 2 -1 1 5 0 2 3 2 2 3 5 3 3 5 5 5 3 1 2 5 4 4 2 5 4 2 2 0 4 5 5
2 0 3 3 2 1 0 4 0 2 1 -1 2 2 2 0 5 1 5 4 5 1 5 3 0 2 0 2 4 1 5 3 4 5 5 5 1 2 2 4
3 4 5 4 5 5 4 1 3 1 5 2 -1 0 4 4 4 3 5 3 1 4 1 1 5 5 3 5 0 5 0 2 2 3 4 3 0 0 3 0
5 0 0 1 1 2 1 2 2 0 0 2 0 -1 5 5 5 1 3 4 3 3 3 0 0 3 5 5 4 0 0 5 1 2 2 2 3 4 3 1
2 0 3 0 4 2 5 1 3 5 2 2 4 5 -1 5 4 2 5 0 2 5 5 2 4 0 0 0 4 0 1 5 4 5 5 4 5 0 1 2
5 2 4 4 2 1 0 5 0 3 3 0 4 5 5 -1 2 2 3 0 5 1 2 3 3 0 5 0 2 1 5 1 5 3 5 5 0 2 0 4
2 0 5 3 4 5 2 0 0 4 2 5 4 5 4 2 -1 5 4 5 0 5 2 1 0 4 0 5 0 0 5 4 4 4 5 4 3 3 4 1
5 0 3 5 3 0 3 3 2 5 2 1 3 1 2 2 5 -1 5 2 1 1 4 1 5 5 0 1 3 2 0 3 0 1 2 5 2 0 5 0
0 1 1 5 5 1 3 0 2 2 3 5 5 3 5 3 4 5 -1 4 5 0 0 5 4 0 0 0 4 4 5 5 0 3 3 2 4 1 2 1
1 5 3 3 2 1 3 0 4 5 5 4 3 4 0 0 5 2 4 -1 2 4 1 0 5 3 3 5 1 3 1 0 1 3 1 0 0 1 4 2
2 2 5 2 5 5 1 5 0 2 3 5 1 3 2 5 0 1 5 2 -1 4 1 5 2 5 5 5 4 3 1 3 5 3 4 0 1 4 4 0
5 0 2 0 3 5 2 4 1 2 3 1 4 3 5 1 5 1 0 4 4 -1 2 2 1 3 4 4 0 0 1 1 0 5 5 5 2 1 5 5
3 0 5 0 5 5 1 5 3 5 5 5 1 3 5 2 2 4 0 1 1 2 -1 5 1 0 0 5 1 3 5 3 4 2 4 2 2 4 1 2
2 4 3 1 0 3 5 5 5 2 5 3 1 0 2 3 1 1 5 0 5 2 5 -1 0 3 1 5 2 5 5 5 3 1 4 5 2 2 3 0
0 3 5 2 2 3 1 1 1 0 5 0 5 0 4 3 0 5 4 5 2 1 1 0 -1 1 3 5 5 2 0 2 2 2 0 5 3 3 5 3
4 5 1 0 2 1 1 1 4 2 3 2 5 3 0 0 4 5 0 3 5 3 0 3 1 -1 0 1 1 5 0 3 2 3 5 3 2 5 2 0
1 5 0 5 5 3 2 0 4 5 1 0 3 5 0 5 0 0 0 3 5 4 0 1 3 0 -1 2 5 4 5 2 1 3 0 4 2 4 4 4
4 2 5 5 5 1 2 4 0 0 2 2 5 5 0 0 5 1 0 5 5 4 5 5 5 1 2 -1 5 5 2 5 2 2 5 3 5 5 0 4
5 2 4 5 5 4 2 4 0 2 5 4 0 4 4 2 0 3 4 1 4 0 1 2 5 1 5 5 -1 4 3 5 1 2 1 4 0 1 2 2
1 0 4 5 5 4 5 2 0 5 4 1 5 0 0 1 0 2 4 3 3 0 3 5 2 5 4 5 4 -1 4 0 3 1 4 5 1 1 0 1
2 1 0 0 0 5 5 5 5 2 4 5 0 0 1 5 5 0 5 1 1 1 5 5 0 0 5 2 3 4 -1 0 4 0 4 4 4 3 3 4
3 1 2 3 5 2 0 0 1 5 2 3 2 5 5 1 4 3 5 0 3 1 3 5 2 3 2 5 5 0 0 -1 3 4 1 4 2 1 4 1
3 2 0 4 1 4 0 4 5 5 5 4 2 1 4 5 4 0 0 1 5 0 4 3 2 2 1 2 1 3 4 3 -1 0 3 0 1 2 0 5
5 5 5 4 0 5 5 4 3 4 4 5 3 2 5 3 4 1 3 3 3 5 2 1 2 3 3 2 2 1 0 4 0 -1 1 0 5 5 1 3
3 5 3 4 5 3 3 1 4 3 2 5 4 2 5 5 5 2 3 1 4 5 4 4 0 5 0 5 1 4 4 1 3 1 -1 2 2 1 4 4
5 1 5 3 0 1 2 4 4 1 2 5 3 2 4 5 4 5 2 0 0 5 2 5 5 3 4 3 4 5 4 4 0 0 2 -1 4 3 0 5
5 5 2 5 2 4 0 5 2 2 0 1 0 3 5 0 3 2 4 0 1 2 2 2 3 2 2 5 0 1 4 2 1 5 2 4 -1 2 5 4
5 5 2 2 0 0 5 5 2 5 4 2 0 4 0 2 3 0 1 1 4 1 4 2 3 5 4 5 1 1 3 1 2 5 1 3 2 -1 5 2
4 3 5 2 5 0 2 3 0 5 5 2 3 3 1 0 4 5 2 4 4 5 1 3 5 2 4 0 2 0 3 4 0 1 4 0 5 5 -1 2
2 1 1 1 5 1 3 0 5 5 5 4 0 1 2 4 1 0 1 2 0 5 2 0 3 0 4 4 2 1 4 1 5 3 4 5 4 2 2 -1
DISTANCE
0 13 21 32 17 14 11 26 22 23 28 12 8 29 18 24 22 17 14 31 32 32 20 22 25 23 28 8 29 29 30 29 10 34 31 39 43 18 15 38
13 0 12 19 31 22 16 22 11 24 34 12 20 41 26 36 18 30 27 45 20 26 7 21 29 33 18 8 16 21 32 17 6 42 30 27 31 30 18 43
21 12 0 15 37 21 28 34 22 16 28 10 24 50 37 35 8 34 35 50 12 14 10 33 41 43 29 19 18 9 23 23 11 39 20 19 24 31 14 35
32 19 15 0 49 36 35 35 21 31 43 25 38 61 45 50 23 48 46 64 7 24 12 36 45 51 25 27 9 17 37 15 22 54 32 10 12 46 29 49
17 31 37 49 0 20 21 37 37 32 31 26 12 15 17 18 35 7 7 14 48 44 38 31 28 17 42 24 47 43 38 46 26 30 41 55 60 12 26 40
14 22 21 36 20 0 25 40 33 12 14 11 9 35 30 14 16 14 23 31 32 25 27 36 38 33 40 20 37 25 18 39 16 20 21 39 45 11 7 24
11 16 28 35 21 25 0 16 18 34 39 21 18 27 10 34 31 24 14 34 37 41 23 11 13 16 21 9 29 37 42 27 17 44 42 44 47 27 26 49
26 22 34 35 37 40 16 0 14 46 54 33 34 39 21 50 41 41 30 50 40 49 25 6 14 26 11 19 26 43 54 20 27 60 53 45 46 43 39 63
22 11 22 21 37 33 18 14 0 35 45 23 30 45 27 46 29 39 32 52 26 36 12 15 25 33 7 14 13 30 44 9 17 54 41 31 32 40 30 54
23 24 16 31 32 12 34 46 35 0 12 12 21 47 41 23 8 26 35 43 25 13 26 43 47 45 43 26 35 16 8 39 19 23 9 31 37 22 7 19
28 34 28 43 31 14 39 54 45 12 0 21 22 46 44 15 20 24 36 38 37 23 37 50 53 47 52 34 46 27 9 50 28 12 15 43 49 19 15 10
12 12 10 25 26 11 21 33 23 12 21 0 14 40 30 25 10 23 26 40 22 20 16 30 35 35 30 13 26 17 21 28 6 31 20 29 35 21 6 31
8 20 24 38 12 9 18 34 30 21 22 14 0 26 21 16 22 9 14 26 36 32 27 29 30 24 36 16 37 31 27 37 15 26 30 43 48 10 14 32
29 41 50 61 15 35 27 39 45 47 46 40 26 0 18 32 49 22 14 14 61 59 48 33 27 13 48 33 56 57 53 54 39 43 56 68 72 27 41 54
18 26 37 45 17 30 10 21 27 41 44 30 21 18 0 35 40 24 10 29 47 50 33 15 10 6 30 18 39 46 48 36 26 46 49 54 57 28 33 54
24 36 35 50 18 14 34 50 46 23 15 25 16 32 35 0 29 11 25 23 46 36 41 45 45 36 52 32 51 38 24 53 30 11 30 53 59 7 21 23
22 18 8 23 35 16 31 41 29 8 20 10 22 49 40 29 0 30 35 48 17 10 18 39 45 45 36 23 27 9 15 31 14 31 12 24 30 27 9 26
17 30 34 48 7 14 24 41 39 26 24 23 9 22 24 11 30 0 14 17 46 39 37 35 34 25 45 25 46 39 31 47 25 23 35 53 58 5 21 32
14 27 35 46 7 23 14 30 32 35 36 26 14 14 10 25 35 14 0 20 47 45 34 24 21 11 36 19 42 43 41 41 24 37 44 54 58 18 28 45
31 45 50 64 14 31 34 50 52 43 38 40 26 14 29 23 48 17 20 0 62 56 52 44 39 25 56 38 61 57 47 60 41 33 52 70 75 21 38 46
32 20 12 7 48 32 37 40 26 25 37 22 36 61 47 46 17 46 47 62 0 16 15 41 49 53 31 28 16 10 31 22 22 49 25 7 12 43 25 43
32 26 14 24 44 25 41 49 36 13 23 20 32 59 50 36 10 39 45 56 16 0 25 48 54 55 43 32 31 7 15 36 24 35 9 21 27 36 18 27
20 7 10 12 38 27 23 25 12 26 37 16 27 48 33 41 18 37 34 52 15 25 0 26 34 39 18 15 10 18 34 13 11 47 30 20 24 36 22 45
22 21 33 36 31 36 11 6 15 43 50 30 29 33 15 45 39 35 24 44 41 48 26 0 9 21 15 16 28 42 51 24 24 55 51 46 48 38 36 60
25 29 41 45 28 38 13 14 25 47 53 35 30 27 10 45 45 34 21 39 49 54 34 9 0 14 24 22 38 50 55 33 30 56 56 55 57 38 40 63
23 33 43 51 17 33 16 26 33 45 47 35 24 13 6 36 45 25 11 25 53 55 39 21 14 0 36 25 46 51 52 43 32 48 54 60 64 29 38 56
28 18 29 25 42 40 21 11 7 43 52 30 36 48 30 52 36 45 36 56 31 43 18 15 24 36 0 20 16 36 51 10 24 61 48 35 36 46 37 61
8 8 19 27 24 20 9 19 14 26 34 13 16 33 18 32 23 25 19 38 28 32 15 16 22 25 20 0 23 28 35 22 8 41 34 35 39 26 19 43
29 16 18 9 47 37 29 26 13 35 46 26 37 56 39 51 27 46 42 61 16 31 10 28 38 46 16 23 0 24 42 6 21 57 38 19 20 46 32 54
29 21 9 17 43 25 37 43 30 16 27 17 31 57 46 38 9 39 43 57 10 7 18 42 50 51 36 28 24 0 21 29 20 39 15 15 21 36 18 33
30 32 23 37 38 18 42 54 44 8 9 21 27 53 48 24 15 31 41 47 31 15 34 51 55 52 51 35 42 21 0 46 27 20 6 36 42 26 15 12
29 17 23 15 46 39 27 20 9 39 50 28 37 54 36 53 31 47 41 60 22 36 13 24 33 43 10 22 6 29 46 0 23 59 43 25 26 47 34 58
10 6 11 22 26 16 17 27 17 19 28 6 15 39 26 30 14 25 24 41 22 24 11 24 30 32 24 8 21 20 27 23 0 36 26 29 33 24 13 37
34 42 39 54 30 20 44 60 54 23 12 31 26 43 46 11 31 23 37 33 49 35 47 55 56 48 61 41 57 39 20 59 36 0 27 55 61 18 25 13
31 30 20 32 41 21 42 53 41 9 15 20 30 56 49 30 12 35 44 52 25 9 30 51 56 54 48 34 38 15 6 43 26 27 0 30 36 31 16 18
39 27 19 10 55 39 44 45 31 31 43 29 43 68 54 53 24 53 54 70 7 21 20 46 55 60 35 35 19 15 36 25 29 55 30 0 6 50 32 48
43 31 24 12 60 45 47 46 32 37 49 35 48 72 57 59 30 58 58 75 12 27 24 48 57 64 36 39 20 21 42 26 33 61 36 6 0 56 38 54
18 30 31 46 12 11 27 43 40 22 19 21 10 27 28 7 27 5 18 21 43 36 36 38 38 29 46 26 46 36 26 47 24 18 31 50 56 0 18 27
15 18 14 29 26 7 26 39 30 7 15 6 14 41 33 21 9 21 28 38 25 18 22 36 40 38 37 19 32 18 15 34 13 25 16 32 38 18 0 24
38 43 35 49 40 24 49 63 54 19 10 31 32 54 54 23 26 32 45 46 43 27 45 60 63 56 61 43 54 33 12 58 37 13 18 48 54 27 24 0
DAMAGES
0 0 0
0 0 0.0167
0 0.0167 0.0391
0.0167 0.0391 0.0616
0.0391 0.0616 0.0941
0.0616 0.0941 0.1267
DEMAND_SECTION
1 0
2 7
3 30
4 16
5 9
6 21
7 15
8 19
9 23
10 11
11 5
12 19
13 29
14 23
15 21
16 10
17 15
18 3
19 41
20 9
21 28
22 8
23 8
24 16
25 10
26 28
27 7
28 15
29 14
30 6
31 19
32 11
33 12
34 23
35 26
36 17
37 6
38 9
39 15
40 14
