TYPE GCVRP
DIMENSION 45
CAPACITY 150
NUMBER_OF_VEHICLES 5
EDGE_WEIGHT_SECTION
0 48 51 56 50 45 47 53 6185 50 83 44 43 8140 47 6743 50 4788 48 53 55 8979 52 50 53 68 52 48 8140 52 57 59 46 12321 60 10934 12052 5067 57 62 92 60 8698 56 50
48 0 44 5346 54 50 50 52 3111 50 59 47 63 60 53 57 50 55 51 12610 48 53 45 65 59 9258 5067 42 47 51 57 46 41 15210 8419 51 8698 8419 51 63 15684 71 61 9537 10375
51 44 0 48 8260 49 55 9537 52 4508 57 46 6743 62 60 83 2273 63 53 75 3390 45 3651 62 11493 57 57 5346 67 49 54 52 47 14127 52 5346 50 54 3949 58 70 64 100 60 87
56 5346 48 0 59 61 56 61 7625 60 15572 56 100 64 60 119 55 17378 10260 77 42 53 48 58 66 62 9069 7582 3289 4788 61 51 67 125 80 47 4373 67 53 67 69 66 104 17017 19184
50 54 8260 59 0 47 49 8260 53 72 55 49 2705 44 56 46 75 42 1593 44 10704 66 8483 54 51 46 9371 6743 10482 9594 62 10260 50 58 9149 63 66 47 5815 14488 64 2927 48 63 47
45 50 49 61 47 0 7022 67 92 53 5095 43 2552 54 51 44 4508 48 48 51 11598 7022 9792 64 66 52 74 47 97 70 6540 63 59 7263 54 61 111 47 45 52 9371 72 6038 73 47
47 50 55 56 49 7022 0 46 51 82 14127 51 61 51 2832 57 54 55 48 63 55 59 49 3111 44 46 49 42 53 10375 15210 54 50 15933 68 61 63 7582 51 82 71 56 10375 52 57
53 52 9537 61 8260 67 46 0 5095 12890 125 81 55 56 47 14007 60 68 54 62 14488 102 9069 1371 43 48 48 62 80 61 19545 52 73 136 63 111 16655 12052 67 76 12927 59 60 43 13728
6185 3111 52 7625 53 92 51 5095 0 69 64 54 65 58 55 67 57 63 53 122 55 58 49 5456 52 73 49 48 49 58 15933 43 4788 86 104 88 58 63 58 19545 93 69 85 61 67
50 50 4508 60 72 53 82 12890 69 0 45 44 49 60 9149 55 48 7301 54 12052 51 45 9430 61 63 58 15572 53 60 4508 43 14127 5346 75 44 53 57 6185 1993 6901 15124 95 57 68 7861
83 59 57 15572 55 5095 14127 125 64 45 0 50 7986 67 66 51 50 53 70 13766 71 59 13404 18101 19184 80 68 59 16655 82 52 70 10153 57 47 65 68 68 5456 3651 65 75 65 75 57
44 47 46 56 49 43 51 81 54 44 50 0 45 56 51 53 2832 49 5815 90 6185 47 5818 60 58 54 58 45 80 46 7625 63 46 11236 5625 8140 55 49 41 88 75 59 57 70 74
43 63 6743 100 2705 2552 61 55 65 49 7986 45 0 52 61 59 67 44 3149 54 58 80 54 52 8419 5371 70 4508 61 8698 56 61 45 61 77 77 67 46 48 59 53 64 63 11493 47
8140 60 62 64 44 54 51 56 58 60 67 56 52 0 4038 7150 10927 47 46 52 76 74 67 55 52 46 10704 9258 98 65 70 12038 57 65 64 69 83 67 63 69 4260 43 48 80 65
47 53 60 60 56 51 2832 47 55 9149 66 51 61 4038 0 7816 81 49 2260 53 59 11149 7372 44 49 44 54 50 80 60 65 8038 71 16655 10927 95 12705 53 52 71 56 49 73 62 72
6743 57 83 119 46 44 57 14007 67 55 51 53 59 7150 7816 0 53 44 53 51 16655 55 64 71 71 56 18823 56 70 57 8708 68 8419 48 8419 19184 73 41 51 75 53 5815 55 15963 46
50 50 2273 55 75 4508 54 60 57 48 50 2832 67 10927 81 53 0 8419 75 13448 50 2832 49 57 63 86 61 6464 56 46 5456 88 56 88 3390 69 60 58 49 52 66 61 61 14566 55
4788 55 63 17378 42 48 55 68 63 7301 53 49 44 47 49 44 8419 0 3149 46 64 57 97 55 9537 5593 66 50 79 59 58 80 53 51 56 19184 74 43 5905 59 52 46 3149 63 41
48 51 53 10260 1593 48 48 54 53 54 70 5815 3149 46 2260 53 75 3149 0 59 10482 60 56 5371 61 46 56 50 82 84 14849 9149 53 71 66 62 100 45 51 64 69 3816 51 52 4927
53 12610 75 77 44 51 63 62 122 12052 13766 90 54 52 53 51 13448 46 59 0 66 111 68 59 8705 53 88 10655 73 80 65 74 58 68 63 70 72 47 87 67 49 40 45 62 3816
55 48 3390 42 10704 11598 55 14488 55 51 71 6185 58 76 59 16655 50 64 10482 66 0 59 46 14849 69 11816 11236 7861 64 46 55 58 6185 82 70 46 45 108 70 65 116 77 65 18823 70
8979 53 45 53 66 7022 59 102 58 45 59 47 80 74 11149 55 2832 57 60 111 59 0 53 63 64 72 108 80 58 45 46 58 53 12682 2552 5905 52 55 5067 9792 71 68 63 70 59
52 45 3651 48 8483 9792 49 9069 49 9430 13404 5818 54 67 7372 64 49 97 56 68 46 53 0 9430 58 58 51 4228 44 54 12321 49 52 67 86 50 53 96 51 66 140 69 84 71 65
50 65 62 58 54 64 3111 1371 5456 61 18101 60 52 55 44 71 57 55 5371 59 14849 63 9430 0 45 51 46 4508 56 11772 18462 8708 55 70 104 16655 68 58 64 74 60 81 88 46 95
53 59 11493 66 51 66 44 43 52 63 19184 58 8419 52 49 71 63 9537 61 8705 69 64 58 45 0 43 59 6185 13766 64 71 59 53 73 68 19907 89 66 11213 94 87 54 84 51 59
68 9258 57 62 46 52 46 48 73 58 80 54 5371 46 44 56 86 5593 46 53 11816 72 58 51 43 0 56 50 57 11371 70 65 55 81 12038 76 67 6482 56 72 7150 51 51 48 53
52 5067 57 9069 9371 74 49 48 49 15572 68 58 70 10704 54 18823 61 66 56 88 11236 108 51 46 59 56 0 48 5818 96 18462 45 49 93 67 95 60 112 97 137 23519 71 90 7986 19184
48 42 5346 7582 6743 47 42 62 48 53 59 45 4508 9258 50 56 6464 50 50 10655 7861 80 4228 4508 6185 50 48 0 6464 7861 60 6185 42 64 9537 64 10934 7301 50 108 63 55 57 53 62
8140 47 67 3289 10482 97 53 80 49 60 16655 80 61 98 80 70 56 79 82 73 64 58 44 56 13766 57 5818 6464 0 77 75 2205 49 74 60 68 52 64 58 71 79 72 73 62 19184
52 51 49 4788 9594 70 10375 61 58 4508 82 46 8698 65 60 57 46 59 84 80 46 45 54 11772 64 11371 96 7861 77 0 72 57 52 61 57 4228 49 55 50 57 87 112 65 109 59
57 57 54 61 62 6540 15210 19545 15933 43 52 7625 56 70 65 8708 5456 58 14849 65 55 46 12321 18462 71 70 18462 60 75 72 0 67 82 52 48 96 106 61 51 57 71 67 74 75 86
59 46 52 51 10260 63 54 52 43 14127 70 63 61 12038 8038 68 88 80 9149 74 58 58 49 8708 59 65 45 6185 2205 57 67 0 55 133 63 78 54 65 93 71 25325 90 77 90 71
46 41 47 67 50 59 50 73 4788 5346 10153 46 45 57 71 8419 56 53 53 58 6185 53 52 55 53 55 49 42 49 52 82 55 0 61 57 55 54 50 48 13404 104 60 59 10375 62
12321 15210 14127 125 58 7263 15933 136 86 75 57 11236 61 65 16655 48 88 51 71 68 82 12682 67 70 73 81 93 64 74 61 52 133 61 0 54 71 22075 6540 52 49 14849 13043 9069 78 47
60 8419 52 80 9149 54 68 63 104 44 47 5625 77 64 10927 8419 3390 56 66 63 70 2552 86 104 68 12038 67 9537 60 57 48 63 57 54 0 53 57 53 59 67 70 77 97 120 64
10934 51 5346 47 63 61 61 111 88 53 65 8140 77 69 95 19184 69 19184 62 70 46 5905 50 16655 19907 76 95 64 68 4228 96 78 55 71 53 0 48 83 56 17378 123 111 69 20629 73
12052 8698 50 4373 66 111 63 16655 58 57 68 55 67 83 12705 73 60 74 100 72 45 52 53 68 89 67 60 10934 52 49 106 54 54 22075 57 48 0 73 10655 125 76 72 71 132 76
5067 8419 54 67 47 47 7582 12052 63 6185 68 49 46 67 53 41 58 43 45 47 108 55 96 58 66 6482 112 7301 64 55 61 65 50 6540 53 83 73 0 5067 55 57 48 45 62 47
57 51 3949 53 5815 45 51 67 58 1993 5456 41 48 63 52 51 49 5905 51 87 70 5067 51 64 11213 56 97 50 58 50 51 93 48 52 59 56 10655 5067 0 53 13728 57 9537 13728 70
62 63 58 67 14488 52 82 76 19545 6901 3651 88 59 69 71 75 52 59 64 67 65 9792 66 74 94 72 137 108 71 57 57 71 13404 49 67 17378 125 55 53 0 70 82 13766 80 85
92 15684 70 69 64 9371 71 12927 93 15124 65 75 53 4260 56 53 66 52 69 49 116 71 140 60 87 7150 23519 63 79 87 71 25325 104 14849 70 123 76 57 13728 70 0 2705 45 74 49
60 71 64 66 2927 72 56 59 69 95 75 59 64 43 49 5815 61 46 3816 40 77 68 69 81 54 51 71 55 72 112 67 90 60 13043 77 111 72 48 57 82 2705 0 47 59 50
8698 61 100 104 48 6038 10375 60 85 57 65 57 63 48 73 55 61 3149 51 45 65 63 84 88 84 51 90 57 73 65 74 77 59 9069 97 69 71 45 9537 13766 45 47 0 64 42
56 9537 60 17017 63 73 52 43 61 68 75 70 11493 80 62 15963 14566 63 52 62 18823 70 71 46 51 48 7986 53 62 109 75 90 10375 78 120 20629 132 62 13728 80 74 59 64 0 67
50 10375 87 19184 47 47 57 13728 67 7861 57 74 47 65 72 46 55 41 4927 3816 70 59 65 95 59 53 19184 62 19184 59 86 71 62 47 64 73 76 47 70 85 49 50 42 67 0
TYPE_OF_ARC
-1 1 1 1 1 1 1 1 1 1 2 1 1 1 1 1 1 1 1 1 1 1 1 1 1 1 1 1 1 1 2 1 1 2 1 1 1 1 1 2 1 1 1 1 1
1 -1 1 1 1 1 1 1 1 1 2 1 1 1 1 1 1 1 1 1 1 1 1 1 1 1 1 1 1 1 2 1 1 2 1 1 1 1 1 2 1 1 1 1 1
1 1 -1 1 0 1 1 1 2 1 2 1 1 0 0 1 1 1 0 1 1 1 2 1 1 0 2 1 2 1 2 2 1 2 1 1 1 1 1 2 1 1 1 1 1
1 1 1 -1 0 2 1 2 2 1 2 1 2 0 0 2 1 2 0 0 2 1 2 2 2 0 2 1 2 1 2 2 1 2 1 2 2 2 1 2 0 0 0 2 2
1 1 0 0 -1 0 1 0 0 0 2 0 0 0 0 0 0 0 0 0 0 0 0 0 0 0 0 1 0 0 2 0 1 2 0 0 0 0 0 2 0 0 0 0 0
1 1 1 2 0 -1 1 1 2 1 2 1 1 0 0 1 1 1 0 0 2 1 2 1 1 0 2 1 2 1 2 2 1 2 1 2 2 1 1 2 0 0 0 1 1
1 1 1 1 1 1 -1 1 1 1 2 1 1 1 1 1 1 1 1 1 1 1 1 1 1 1 1 1 1 1 2 1 1 2 1 1 1 1 1 2 1 1 1 1 1
1 1 1 2 0 1 1 -1 2 1 2 1 1 0 0 1 1 1 0 0 2 1 2 0 0 0 2 1 2 1 2 2 1 2 1 2 2 1 1 2 0 0 0 0 1
1 1 2 2 0 2 1 2 -1 2 2 2 2 0 0 2 2 2 0 2 2 2 2 2 2 0 2 1 2 2 2 2 1 2 2 2 2 2 2 2 2 2 2 2 2
1 1 1 1 0 1 1 1 2 -1 2 1 1 0 0 1 1 1 0 1 1 1 2 1 1 0 2 1 2 1 2 2 1 2 1 1 1 1 1 2 1 1 1 1 1
2 2 2 2 2 2 2 2 2 2 -1 2 2 2 2 2 2 2 2 2 2 2 2 2 2 2 2 2 2 2 2 2 2 2 2 2 2 2 2 2 2 2 2 2 2
1 1 1 1 0 1 1 1 2 1 2 -1 1 0 0 1 1 1 0 1 1 1 2 1 1 0 2 1 2 1 2 2 1 2 1 1 1 1 1 2 1 1 1 1 1
1 1 1 2 0 1 1 1 2 1 2 1 -1 0 0 1 1 1 0 0 2 1 2 1 1 0 2 1 2 1 2 2 1 2 1 2 2 1 1 2 0 0 0 1 1
1 1 0 0 0 0 1 0 0 0 2 0 0 -1 0 0 0 0 0 0 0 0 0 0 0 0 0 1 0 0 2 0 1 2 0 0 0 0 0 2 0 0 0 0 0
1 1 0 0 0 0 1 0 0 0 2 0 0 0 -1 0 0 0 0 0 0 0 0 0 0 0 0 1 0 0 2 0 1 2 0 0 0 0 0 2 0 0 0 0 0
1 1 1 2 0 1 1 1 2 1 2 1 1 0 0 -1 1 1 0 0 2 1 2 1 1 0 2 1 2 1 2 2 1 2 1 2 2 1 1 2 0 0 0 1 1
1 1 1 1 0 1 1 1 2 1 2 1 1 0 0 1 -1 1 0 1 1 1 2 1 1 0 2 1 2 1 2 2 1 2 1 1 1 1 1 2 1 1 1 1 1
1 1 1 2 0 1 1 1 2 1 2 1 1 0 0 1 1 -1 0 0 2 1 2 1 1 0 2 1 2 1 2 2 1 2 1 2 2 1 1 2 0 0 0 1 1
1 1 0 0 0 0 1 0 0 0 2 0 0 0 0 0 0 0 -1 0 0 0 0 0 0 0 0 1 0 0 2 0 1 2 0 0 0 0 0 2 0 0 0 0 0
1 1 1 0 0 0 1 0 2 1 2 1 0 0 0 0 1 0 0 -1 0 1 2 0 0 0 2 1 2 1 2 2 1 2 1 0 0 0 1 2 0 0 0 0 0
1 1 1 2 0 2 1 2 2 1 2 1 2 0 0 2 1 2 0 0 -1 1 2 2 2 0 2 1 2 1 2 2 1 2 1 2 2 2 1 2 0 0 0 2 2
1 1 1 1 0 1 1 1 2 1 2 1 1 0 0 1 1 1 0 1 1 -1 2 1 1 0 2 1 2 1 2 2 1 2 1 1 1 1 1 2 1 1 1 1 1
1 1 2 2 0 2 1 2 2 2 2 2 2 0 0 2 2 2 0 2 2 2 -1 2 2 0 2 1 2 2 2 2 1 2 2 2 2 2 2 2 2 2 2 2 2
1 1 1 2 0 1 1 0 2 1 2 1 1 0 0 1 1 1 0 0 2 1 2 -1 0 0 2 1 2 1 2 2 1 2 1 2 2 1 1 2 0 0 0 0 1
1 1 1 2 0 1 1 0 2 1 2 1 1 0 0 1 1 1 0 0 2 1 2 0 -1 0 2 1 2 1 2 2 1 2 1 2 2 1 1 2 0 0 0 0 1
1 1 0 0 0 0 1 0 0 0 2 0 0 0 0 0 0 0 0 0 0 0 0 0 0 -1 0 1 0 0 2 0 1 2 0 0 0 0 0 2 0 0 0 0 0
1 1 2 2 0 2 1 2 2 2 2 2 2 0 0 2 2 2 0 2 2 2 2 2 2 0 -1 1 2 2 2 2 1 2 2 2 2 2 2 2 2 2 2 2 2
1 1 1 1 1 1 1 1 1 1 2 1 1 1 1 1 1 1 1 1 1 1 1 1 1 1 1 -1 1 1 2 1 1 2 1 1 1 1 1 2 1 1 1 1 1
1 1 2 2 0 2 1 2 2 2 2 2 2 0 0 2 2 2 0 2 2 2 2 2 2 0 2 1 -1 2 2 2 1 2 2 2 2 2 2 2 2 2 2 2 2
1 1 1 1 0 1 1 1 2 1 2 1 1 0 0 1 1 1 0 1 1 1 2 1 1 0 2 1 2 -1 2 2 1 2 1 1 1 1 1 2 1 1 1 1 1
2 2 2 2 2 2 2 2 2 2 2 2 2 2 2 2 2 2 2 2 2 2 2 2 2 2 2 2 2 2 -1 2 2 2 2 2 2 2 2 2 2 2 2 2 2
1 1 2 2 0 2 1 2 2 2 2 2 2 0 0 2 2 2 0 2 2 2 2 2 2 0 2 1 2 2 2 -1 1 2 2 2 2 2 2 2 2 2 2 2 2
1 1 1 1 1 1 1 1 1 1 2 1 1 1 1 1 1 1 1 1 1 1 1 1 1 1 1 1 1 1 2 1 -1 2 1 1 1 1 1 2 1 1 1 1 1
2 2 2 2 2 2 2 2 2 2 2 2 2 2 2 2 2 2 2 2 2 2 2 2 2 2 2 2 2 2 2 2 2 -1 2 2 2 2 2 2 2 2 2 2 2
1 1 1 1 0 1 1 1 2 1 2 1 1 0 0 1 1 1 0 1 1 1 2 1 1 0 2 1 2 1 2 2 1 2 -1 1 1 1 1 2 1 1 1 1 1
1 1 1 2 0 2 1 2 2 1 2 1 2 0 0 2 1 2 0 0 2 1 2 2 2 0 2 1 2 1 2 2 1 2 1 -1 2 2 1 2 0 0 0 2 2
1 1 1 2 0 2 1 2 2 1 2 1 2 0 0 2 1 2 0 0 2 1 2 2 2 0 2 1 2 1 2 2 1 2 1 2 -1 2 1 2 0 0 0 2 2
1 1 1 2 0 1 1 1 2 1 2 1 1 0 0 1 1 1 0 0 2 1 2 1 1 0 2 1 2 1 2 2 1 2 1 2 2 -1 1 2 0 0 0 1 1
1 1 1 1 0 1 1 1 2 1 2 1 1 0 0 1 1 1 0 1 1 1 2 1 1 0 2 1 2 1 2 2 1 2 1 1 1 1 -1 2 1 1 1 1 1
2 2 2 2 2 2 2 2 2 2 2 2 2 2 2 2 2 2 2 2 2 2 2 2 2 2 2 2 2 2 2 2 2 2 2 2 2 2 2 -1 2 2 2 2 2
1 1 1 0 0 0 1 0 2 1 2 1 0 0 0 0 1 0 0 0 0 1 2 0 0 0 2 1 2 1 2 2 1 2 1 0 0 0 1 2 -1 0 0 0 0
1 1 1 0 0 0 1 0 2 1 2 1 0 0 0 0 1 0 0 0 0 1 2 0 0 0 2 1 2 1 2 2 1 2 1 0 0 0 1 2 0 -1 0 0 0
1 1 1 0 0 0 1 0 2 1 2 1 0 0 0 0 1 0 0 0 0 1 2 0 0 0 2 1 2 1 2 2 1 2 1 0 0 0 1 2 0 0 -1 0 0
1 1 1 2 0 1 1 0 2 1 2 1 1 0 0 1 1 1 0 0 2 1 2 0 0 0 2 1 2 1 2 2 1 2 1 2 2 1 1 2 0 0 0 -1 1
1 1 1 2 0 1 1 1 2 1 2 1 1 0 0 1 1 1 0 0 2 1 2 1 1 0 2 1 2 1 2 2 1 2 1 2 2 1 1 2 0 0 0 1 -1
CONDITION_OF_ARC
-1 0 0 0 3 2 0 0 5 2 4 2 3 5 2 5 2 5 0 1 2 5 3 2 0 4 1 4 5 1 2 3 3 5 3 5 5 5 4 2 4 3 5 2 1
0 -1 2 5 2 2 3 0 5 2 2 0 4 0 0 2 0 0 1 5 2 0 0 4 3 5 5 2 2 0 1 1 2 5 5 1 5 5 3 1 5 3 2 5 5
0 2 -1 0 5 1 0 5 2 5 0 3 5 0 3 4 5 3 1 3 5 2 5 3 5 1 0 5 4 4 0 2 0 5 3 5 2 2 5 1 0 2 4 1 4
0 5 0 -1 1 0 2 0 5 3 5 3 4 1 0 4 3 5 5 3 2 0 0 1 2 0 5 5 5 5 0 3 4 4 4 3 5 2 2 1 1 2 4 5 5
3 2 5 1 -1 2 2 5 1 4 1 2 5 1 4 2 4 3 5 2 5 3 5 0 2 2 5 5 5 5 0 5 1 0 5 0 2 0 5 5 4 5 0 3 0
2 2 1 0 2 -1 5 3 4 4 5 1 5 2 2 1 5 0 1 1 5 5 5 3 3 1 3 1 4 4 5 2 4 5 3 1 4 0 0 1 5 4 5 3 2
0 3 0 2 2 5 -1 1 3 4 5 0 4 1 5 0 2 3 3 3 1 2 1 5 1 1 2 2 2 5 5 0 0 5 3 2 0 5 2 3 3 0 5 0 0
0 0 5 0 5 3 1 -1 5 5 4 4 1 2 1 5 0 3 0 0 5 4 5 5 1 1 0 4 4 2 5 0 4 4 1 4 5 5 3 0 5 2 1 1 5
5 5 2 5 1 4 3 5 -1 3 1 0 3 2 3 0 0 2 2 4 0 1 3 5 1 4 4 0 0 0 5 1 5 3 4 4 2 2 0 5 3 2 3 3 2
2 2 5 3 4 4 4 5 3 -1 2 2 1 0 5 3 4 5 2 5 2 2 5 2 0 2 5 0 2 5 2 5 5 4 3 1 2 5 5 5 5 4 1 2 5
4 2 0 5 1 5 5 4 1 2 -1 1 5 0 2 3 2 2 3 5 3 3 5 5 5 3 1 2 5 4 4 2 5 4 2 2 0 4 5 5 1 3 3 0 3
2 0 3 3 2 1 0 4 0 2 1 -1 2 2 2 0 5 1 5 4 5 1 5 3 0 2 0 2 4 1 5 3 4 5 5 5 1 2 2 4 3 2 2 3 4
3 4 5 4 5 5 4 1 3 1 5 2 -1 0 4 4 4 3 5 3 1 4 1 1 5 5 3 5 0 5 0 2 2 3 4 3 0 0 3 0 1 4 4 5 2
5 0 0 1 1 2 1 2 2 0 0 2 0 -1 5 5 5 1 3 4 3 3 3 0 0 3 5 5 4 0 0 5 1 2 2 2 3 4 3 1 5 3 2 4 4
2 0 3 0 4 2 5 1 3 5 2 2 4 5 -1 5 4 2 5 0 2 5 5 2 4 0 0 0 4 0 1 5 4 5 5 4 5 0 1 2 0 2 4 4 4
5 2 4 4 2 1 0 5 0 3 3 0 4 5 5 -1 2 2 3 0 5 1 2 3 3 0 5 0 2 1 5 1 5 3 5 5 0 2 0 4 2 5 4 5 4
2 0 5 3 4 5 2 0 0 4 2 5 4 5 4 2 -1 5 4 5 0 5 2 1 0 4 0 5 0 0 5 4 4 4 5 4 3 3 4 1 1 1 2 5 1
5 0 3 5 3 0 3 3 2 5 2 1 3 1 2 2 5 -1 5 2 1 1 4 1 5 5 0 1 3 2 0 3 0 1 2 5 2 0 5 0 0 2 5 0 1
0 1 1 5 5 1 3 0 2 2 3 5 5 3 5 3 4 5 -1 4 5 0 0 5 4 0 0 0 4 4 5 5 0 3 3 2 4 1 2 1 4 5 0 1 5
1 5 3 3 2 1 3 0 4 5 5 4 3 4 0 0 5 2 4 -1 2 4 1 0 5 3 3 5 1 3 1 0 1 3 1 0 0 1 4 2 4 1 0 0 5
2 2 5 2 5 5 1 5 0 2 3 5 1 3 2 5 0 1 5 2 -1 4 1 5 2 5 5 5 4 3 1 3 5 3 4 0 1 4 4 0 4 3 0 5 2
5 0 2 0 3 5 2 4 1 2 3 1 4 3 5 1 5 1 0 4 4 -1 2 2 1 3 4 4 0 0 1 1 0 5 5 5 2 1 5 5 1 0 1 0 2
3 0 5 0 5 5 1 5 3 5 5 5 1 3 5 2 2 4 0 1 1 2 -1 5 1 0 0 5 1 3 5 3 4 2 4 2 2 4 1 2 4 0 3 3 2
2 4 3 1 0 3 5 5 5 2 5 3 1 0 2 3 1 1 5 0 5 2 5 -1 0 3 1 5 2 5 5 5 3 1 4 5 2 2 3 0 1 4 4 3 4
0 3 5 2 2 3 1 1 1 0 5 0 5 0 4 3 0 5 4 5 2 1 1 0 -1 1 3 5 5 2 0 2 2 2 0 5 3 3 5 3 4 2 4 4 1
4 5 1 0 2 1 1 1 4 2 3 2 5 3 0 0 4 5 0 3 5 3 0 3 1 -1 0 1 1 5 0 3 2 3 5 3 2 5 2 0 5 3 1 1 2
1 5 0 5 5 3 2 0 4 5 1 0 3 5 0 5 0 0 0 3 5 4 0 1 3 0 -1 2 5 4 5 2 1 3 0 4 2 4 4 4 5 2 3 5 5
4 2 5 5 5 1 2 4 0 0 2 2 5 5 0 0 5 1 0 5 5 4 5 5 5 1 2 -1 5 5 2 5 2 2 5 3 5 5 0 4 0 1 1 2 3
5 2 4 5 5 4 2 4 0 2 5 4 0 4 4 2 0 3 4 1 4 0 1 2 5 1 5 5 -1 4 3 5 1 2 1 4 0 1 2 2 1 1 1 2 5
1 0 4 5 5 4 5 2 0 5 4 1 5 0 0 1 0 2 4 3 3 0 3 5 2 5 4 5 4 -1 4 0 3 1 4 5 1 1 0 1 3 4 2 4 1
2 1 0 0 0 5 5 5 5 2 4 5 0 0 1 5 5 0 5 1 1 1 5 5 0 0 5 2 3 4 -1 0 4 0 4 4 4 3 3 4 1 1 3 1 4
3 1 2 3 5 2 0 0 1 5 2 3 2 5 5 1 4 3 5 0 3 1 3 5 2 3 2 5 5 0 0 -1 3 4 1 4 2 1 4 1 5 3 2 4 2
3 2 0 4 1 4 0 4 5 5 5 4 2 1 4 5 4 0 0 1 5 0 4 3 2 2 1 2 1 3 4 3 -1 0 3 0 1 2 0 5 4 0 2 5 3
5 5 5 4 0 5 5 4 3 4 4 5 3 2 5 3 4 1 3 3 3 5 2 1 2 3 3 2 2 1 0 4 0 -1 1 0 5 5 1 3 5 5 5 0 1
3 5 3 4 5 3 3 1 4 3 2 5 4 2 5 5 5 2 3 1 4 5 4 4 0 5 0 5 1 4 4 1 3 1 -1 2 2 1 4 4 0 3 4 4 3
5 1 5 3 0 1 2 4 4 1 2 5 3 2 4 5 4 5 2 0 0 5 2 5 5 3 4 3 4 5 4 4 0 0 2 -1 4 3 0 5 4 4 2 5 0
5 5 2 5 2 4 0 5 2 2 0 1 0 3 5 0 3 2 4 0 1 2 2 2 3 2 2 5 0 1 4 2 1 5 2 4 -1 2 5 4 0 2 0 4 0
5 5 2 2 0 0 5 5 2 5 4 2 0 4 0 2 3 0 1 1 4 1 4 2 3 5 4 5 1 1 3 1 2 5 1 3 2 -1 5 2 3 2 1 1 4
4 3 5 2 5 0 2 3 0 5 5 2 3 3 1 0 4 5 2 4 4 5 1 3 5 2 4 0 2 0 3 4 0 1 4 0 5 5 -1 2 5 1 5 5 4
2 1 1 1 5 1 3 0 5 5 5 4 0 1 2 4 1 0 1 2 0 5 2 0 3 0 4 4 2 1 4 1 5 3 4 5 4 2 2 -1 0 3 5 1 4
4 5 0 1 4 5 3 5 3 5 1 3 1 5 0 2 1 0 4 4 4 1 4 1 4 5 5 0 1 3 1 5 4 5 0 4 0 3 5 0 -1 5 2 3 2
3 3 2 2 5 4 0 2 2 4 3 2 4 3 2 5 1 2 5 1 3 0 0 4 2 3 2 1 1 4 1 3 0 5 3 4 2 2 1 3 5 -1 0 2 3
5 2 4 4 0 5 5 1 3 1 3 2 4 2 4 4 2 5 0 0 0 1 3 4 4 1 3 1 1 2 3 2 2 5 4 2 0 1 5 5 2 0 -1 0 1
2 5 1 5 3 3 0 1 3 2 0 3 5 4 4 5 5 0 1 0 5 0 3 3 4 1 5 2 2 4 1 4 5 0 4 5 4 1 5 1 3 2 0 -1 2
1 5 4 5 0 2 0 5 2 5 3 4 2 4 4 4 1 1 5 5 2 2 2 4 1 2 5 3 5 1 4 2 3 1 3 0 0 4 4 4 2 3 1 2 -1
DISTANCE
0 13 21 32 17 14 11 26 22 23 28 12 8 29 18 24 22 17 14 31 32 32 20 22 25 23 28 8 29 29 30 29 10 34 31 39 43 18 15 38 42 30 31 34 25
13 0 12 19 31 22 16 22 11 24 34 12 20 41 26 36 18 30 27 45 20 26 7 21 29 33 18 8 16 21 32 17 6 42 30 27 31 30 18 43 56 44 44 34 37
21 12 0 15 37 21 28 34 22 16 28 10 24 50 37 35 8 34 35 50 12 14 10 33 41 43 29 19 18 9 23 23 11 39 20 19 24 31 14 35 61 50 48 46 38
32 19 15 0 49 36 35 35 21 31 43 25 38 61 45 50 23 48 46 64 7 24 12 36 45 51 25 27 9 17 37 15 22 54 32 10 12 46 29 49 74 63 62 47 53
17 31 37 49 0 20 21 37 37 32 31 26 12 15 17 18 35 7 7 14 48 44 38 31 28 17 42 24 47 43 38 46 26 30 41 55 60 12 26 40 25 13 16 40 14
14 22 21 36 20 0 25 40 33 12 14 11 9 35 30 14 16 14 23 31 32 25 27 36 38 33 40 20 37 25 18 39 16 20 21 39 45 11 7 24 42 32 27 48 18
11 16 28 35 21 25 0 16 18 34 39 21 18 27 10 34 31 24 14 34 37 41 23 11 13 16 21 9 29 37 42 27 17 44 42 44 47 27 26 49 44 31 37 23 33
26 22 34 35 37 40 16 0 14 46 54 33 34 39 21 50 41 41 30 50 40 49 25 6 14 26 11 19 26 43 54 20 27 60 53 45 46 43 39 63 58 46 53 12 49
22 11 22 21 37 33 18 14 0 35 45 23 30 45 27 46 29 39 32 52 26 36 12 15 25 33 7 14 13 30 44 9 17 54 41 31 32 40 30 54 61 49 52 26 47
23 24 16 31 32 12 34 46 35 0 12 12 21 47 41 23 8 26 35 43 25 13 26 43 47 45 43 26 35 16 8 39 19 23 9 31 37 22 7 19 54 44 38 56 28
28 34 28 43 31 14 39 54 45 12 0 21 22 46 44 15 20 24 36 38 37 23 37 50 53 47 52 34 46 27 9 50 28 12 15 43 49 19 15 10 48 41 31 62 21
12 12 10 25 26 11 21 33 23 12 21 0 14 40 30 25 10 23 26 40 22 20 16 30 35 35 30 13 26 17 21 28 6 31 20 29 35 21 6 31 50 40 37 43 28
8 20 24 38 12 9 18 34 30 21 22 14 0 26 21 16 22 9 14 26 36 32 27 29 30 24 36 16 37 31 27 37 15 26 30 43 48 10 14 32 36 25 24 41 17
29 41 50 61 15 35 27 39 45 47 46 40 26 0 18 32 49 22 14 14 61 59 48 33 27 13 48 33 56 57 53 54 39 43 56 68 72 27 41 54 19 9 21 39 26
18 26 37 45 17 30 10 21 27 41 44 30 21 18 0 35 40 24 10 29 47 50 33 15 10 6 30 18 39 46 48 36 26 46 49 54 57 28 33 54 36 25 33 23 32
24 36 35 50 18 14 34 50 46 23 15 25 16 32 35 0 29 11 25 23 46 36 41 45 45 36 52 32 51 38 24 53 30 11 30 53 59 7 21 23 32 26 16 57 6
22 18 8 23 35 16 31 41 29 8 20 10 22 49 40 29 0 30 35 48 17 10 18 39 45 45 36 23 27 9 15 31 14 31 12 24 30 27 9 26 58 48 43 52 34
17 30 34 48 7 14 24 41 39 26 24 23 9 22 24 11 30 0 14 17 46 39 37 35 34 25 45 25 46 39 31 47 25 23 35 53 58 5 21 32 27 18 14 46 8
14 27 35 46 7 23 14 30 32 35 36 26 14 14 10 25 35 14 0 20 47 45 34 24 21 11 36 19 42 43 41 41 24 37 44 54 58 18 28 45 29 17 23 33 22
31 45 50 64 14 31 34 50 52 43 38 40 26 14 29 23 48 17 20 0 62 56 52 44 39 25 56 38 61 57 47 60 41 33 52 70 75 21 38 46 10 5 8 51 17
32 20 12 7 48 32 37 40 26 25 37 22 36 61 47 46 17 46 47 62 0 16 15 41 49 53 31 28 16 10 31 22 22 49 25 7 12 43 25 43 73 62 60 52 50
32 26 14 24 44 25 41 49 36 13 23 20 32 59 50 36 10 39 45 56 16 0 25 48 54 55 43 32 31 7 15 36 24 35 9 21 27 36 18 27 67 57 52 61 41
20 7 10 12 38 27 23 25 12 26 37 16 27 48 33 41 18 37 34 52 15 25 0 26 34 39 18 15 10 18 34 13 11 47 30 20 24 36 22 45 63 51 51 37 43
22 21 33 36 31 36 11 6 15 43 50 30 29 33 15 45 39 35 24 44 41 48 26 0 9 21 15 16 28 42 51 24 24 55 51 46 48 38 36 60 52 40 47 13 44
25 29 41 45 28 38 13 14 25 47 53 35 30 27 10 45 45 34 21 39 49 54 34 9 0 14 24 22 38 50 55 33 30 56 56 55 57 38 40 63 46 35 43 12 43
23 33 43 51 17 33 16 26 33 45 47 35 24 13 6 36 45 25 11 25 53 55 39 21 14 0 36 25 46 51 52 43 32 48 54 60 64 29 38 56 32 21 31 26 32
28 18 29 25 42 40 21 11 7 43 52 30 36 48 30 52 36 45 36 56 31 43 18 15 24 36 0 20 16 36 51 10 24 61 48 35 36 46 37 61 65 53 58 22 53
8 8 19 27 24 20 9 19 14 26 34 13 16 33 18 32 23 25 19 38 28 32 15 16 22 25 20 0 23 28 35 22 8 41 34 35 39 26 19 43 48 36 39 29 33
29 16 18 9 47 37 29 26 13 35 46 26 37 56 39 51 27 46 42 61 16 31 10 28 38 46 16 23 0 24 42 6 21 57 38 19 20 46 32 54 71 59 61 38 53
29 21 9 17 43 25 37 43 30 16 27 17 31 57 46 38 9 39 43 57 10 7 18 42 50 51 36 28 24 0 21 29 20 39 15 15 21 36 18 33 67 57 53 55 43
30 32 23 37 38 18 42 54 44 8 9 21 27 53 48 24 15 31 41 47 31 15 34 51 55 52 51 35 42 21 0 46 27 20 6 36 42 26 15 12 57 49 40 64 30
29 17 23 15 46 39 27 20 9 39 50 28 37 54 36 53 31 47 41 60 22 36 13 24 33 43 10 22 6 29 46 0 23 59 43 25 26 47 34 58 70 58 61 32 54
10 6 11 22 26 16 17 27 17 19 28 6 15 39 26 30 14 25 24 41 22 24 11 24 30 32 24 8 21 20 27 23 0 36 26 29 33 24 13 37 51 40 39 37 32
34 42 39 54 30 20 44 60 54 23 12 31 26 43 46 11 31 23 37 33 49 35 47 55 56 48 61 41 57 39 20 59 36 0 27 55 61 18 25 13 41 36 25 67 16
31 30 20 32 41 21 42 53 41 9 15 20 30 56 49 30 12 35 44 52 25 9 30 51 56 54 48 34 38 15 6 43 26 27 0 30 36 31 16 18 62 53 46 64 35
39 27 19 10 55 39 44 45 31 31 43 29 43 68 54 53 24 53 54 70 7 21 20 46 55 60 35 35 19 15 36 25 29 55 30 0 6 50 32 48 80 69 67 57 57
43 31 24 12 60 45 47 46 32 37 49 35 48 72 57 59 30 58 58 75 12 27 24 48 57 64 36 39 20 21 42 26 33 61 36 6 0 56 38 54 85 74 72 58 63
18 30 31 46 12 11 27 43 40 22 19 21 10 27 28 7 27 5 18 21 43 36 36 38 38 29 46 26 46 36 26 47 24 18 31 50 56 0 18 27 31 22 16 49 7
15 18 14 29 26 7 26 39 30 7 15 6 14 41 33 21 9 21 28 38 25 18 22 36 40 38 37 19 32 18 15 34 13 25 16 32 38 18 0 24 49 39 34 49 25
38 43 35 49 40 24 49 63 54 19 10 31 32 54 54 23 26 32 45 46 43 27 45 60 63 56 61 43 54 33 12 58 37 13 18 48 54 27 24 0 54 49 38 72 29
42 56 61 74 25 42 44 58 61 54 48 50 36 19 36 32 58 27 29 10 73 67 63 52 46 32 65 48 71 67 57 70 51 41 62 80 85 31 49 54 0 12 16 58 26
30 44 50 63 13 32 31 46 49 44 41 40 25 9 25 26 48 18 17 5 62 57 51 40 35 21 53 36 59 57 49 58 40 36 53 69 74 22 39 49 12 0 13 47 20
31 44 48 62 16 27 37 53 52 38 31 37 24 21 33 16 43 14 23 8 60 52 51 47 43 31 58 39 61 53 40 61 39 25 46 67 72 16 34 38 16 13 0 56 10
34 34 46 47 40 48 23 12 26 56 62 43 41 39 23 57 52 46 33 51 52 61 37 13 12 26 22 29 38 55 64 32 37 67 64 57 58 49 49 72 58 47 56 0 55
25 37 38 53 14 18 33 49 47 28 21 28 17 26 32 6 34 8 22 17 50 41 43 44 43 32 53 33 53 43 30 54 32 16 35 57 63 7 25 29 26 20 10 55 0
DAMAGES
0 0 0
0 0 0.0167
0 0.0167 0.0391
0.0167 0.0391 0.0616
0.0391 0.0616 0.0941
0.0616 0.0941 0.1267
DEMAND_SECTION
1 0
2 7
3 30
4 16
5 9
6 21
7 15
8 19
9 23
10 11
11 5
12 19
13 29
14 23
15 21
16 10
17 15
18 3
19 41
20 9
21 28
22 8
23 8
24 16
25 10
26 28
27 7
28 15
29 14
30 6
31 19
32 11
33 12
34 23
35 26
36 17
37 6
38 9
39 15
40 14
41 7
42 27
43 13
44 11
45 16
