set O:= 0;
set N:= 1 2 3 4 5 6 7 8 9 10 11 12 13 14 15 16 17 18 19 20 21 22 23 24 25 26 27 28 29 30 31 32 33 34 35 36 37 38 39 40 41 42 43 44 45 46 47 48 49 50 51 52 53 54;
set K:= 1 2 3 4 5 6 7;
param V:= 7;
param cp:= 170;
param dm:= 5.0;
param o:=
0 0
1 18
2 26
3 11
4 30
5 21
6 19
7 15
8 16
9 29
10 26
11 37
12 16
13 12
14 31
15 8
16 19
17 20
18 13
19 15
20 22
21 28
22 12
23 6
24 27
25 14
26 18
27 17
28 29
29 13
30 22
31 25
32 28
33 27
34 19
35 10
36 12
37 14
38 24
39 16
40 33
41 15
42 11
43 18
44 17
45 21
46 27
47 19
48 20
49 5
50 22
51 12
52 19
53 22
54 16
;
param c[*,*]
: 0 1 2 3 4 5 6 7 8 9 10 11 12 13 14 15 16 17 18 19 20 21 22 23 24 25 26 27 28 29 30 31 32 33 34 35 36 37 38 39 40 41 42 43 44 45 46 47 48 49 50 51 52 53 54:=
0 0 9 4 4 5 9 3 3 5416 10 29 8 7 7944 7 7539 5 2234 12 6 13 7539 17 14 7 48 2 23 6701 6 5 21 16 6138 7 3997 9214 8935 29 8 16 26 12999 14 5 6 4 8 22 7 12 4 6 4885 39 
1 9 0 6 5107 12 15 12 14 14443 17 16 19 45 15 19 18 3 9 14 16971 20 8 3 17 11 15165 10832 16 6 11 8 17 14 2889 11915 17 12277 13721 28 12 10471 8 5 2166 5773 12 51 10110 19 3997 25 26 12638 22 22 
2 4 6 0 5 4333 6 2 5995 12 12277 11 19 6980 10 18 29 3997 10 16 15 8935 4 3553 18 7328 17 6 7222 9 18 2 17 11 3611 14 6661 8 9 11448 11 7 11 35 8 23 5055 8 19 7 12 14 4 8 10 49 
3 4 5107 5 0 10 9 4 6 12277 6 7818 17 13 17 9 41 4 2665 3553 18 15 9 7 5 4 4 4441 12638 7106 7994 6 18 7 14 42 15 10658 14 12 5 2 8 28 5773 666 12 14 36 10 2 2665 4 11915 10 16609 
4 5 12 4333 10 0 8 5 5416 6 43 12 14 6499 7 39 9 35 11 14804 9 10471 16 10471 12 17 18 3972 3611 7583 3972 3 15526 12 7 2528 6 12 9 11193 10471 30 13360 13 24 10 3 4 14 20 24 13 5777 3 17 9 
5 9 15 6 9 8 0 7259 17 36 54 13402 14 10051 7 13 2 8216 9 18 9 3350 3630 8097 32 24 18 16 6 22 7 3630 21 51 10832 14 9 11 2 13 15 10889 62 14443 28 12 4 9 2 1954 13 15 11 8 13 8666 
6 3 12 2 4 5 7259 0 6 17 36 8935 8 19 12 8216 8 3 6 23 14 12 8 7 7944 7 14 5 10 6 5584 3350 12 8 2889 13 7 9 9214 12 15 9 10 9388 8 4 12 8 6980 5305 4663 10110 1675 8 14 14 
7 3 14 5995 6 5416 17 6 0 2528 5551 20 13 4 9 3 7818 7 8 9 3 10889 33 9770 15887 11 9 2 23 33 8 5551 9 25 45 4 4 11168 10051 9 6 4441 23 20 18 6439 9 3 9772 32 35 16 5107 17 7 6860 
8 5416 14443 12 12277 6 36 17 2528 0 23 10 7 14 5 9 8 13 10 21 10 12 13 31 16971 19 61 20 4 13 7 7944 16 11915 24 10 7 16 14 8 10471 18 23 36 33 15 22 2 10832 9027 17 30 9388 2528 4 9 
9 10 17 12277 6 43 54 36 5551 23 0 5 8 5 16 7994 28 20 5777 8 8216 21 22 16609 15 5 5 6860 14 19 11727 17 4747 2528 43 22 7 20 15356 6143 1117 3250 64 18 19 2665 13360 11 16 24 5551 8 14 14 26 18 
10 29 16 11 7818 12 13402 8935 20 10 5 0 5 4188 14 8 26 12 8 18 7818 32 30 15077 13123 11168 13 6 16 13960 46 45 5 6143 44 12 7 16 60 1954 3071 6 31 32 15 15 13 10 18 14 12 15 8097 45 4747 52 
11 8 19 19 17 14 14 8 13 7 8 5 0 7 14 3 11 9770 7 10214 16 14519 13 13101 41 12 11 5 14 46 12 8882 15 31 16609 9027 3331 17 17 3 28 13 29 29 43 34 12638 10 14 14 44 9 7994 19 2 9 
12 7 45 6980 13 6499 10051 19 4 14 5 4188 7 0 11 24 42 18 4 9388 12 15 44 12 13 6439 7944 4 9388 10 8376 7 9 6 17 26 9 13 12 11 3 2 59 61 13360 4 18 6 10889 10 6 7 7 9 4441 11915 
13 7944 15 10 17 7 7 12 9 5 16 14 14 11 0 7944 3972 14804 12 41 19 15 20 30 18 20 38 8305 2528 48 5 8 18415 17 16 6 7 19 29 25 16 12638 38 23 69 62 19 5 8 27 18 37 13 3 9 2528 
14 7 19 18 9 39 13 8216 3 9 7994 8 3 24 7944 0 9214 41 9 11769 2 15 10436 12435 26 50 10 5 9 44 9 9 10051 36 16248 7222 8 13123 12 5 11 7 29 91 85 36 10471 6499 12 13 13 21 10 14 3 5777 
15 7539 18 29 41 9 2 8 7818 8 28 26 11 42 3972 9214 0 12 12 34 7 2792 7 13 37 26 17 8376 4 10 3 5305 19 13681 26 7222 7259 4 3 12 54 14 18054 69 16609 42 4694 30 4188 4 45 15636 20 12 12 7 
16 5 3 3997 4 35 8216 3 7 13 20 12 9770 18 14804 41 12 0 3109 20 9326 11 7106 6 3 3 25 5 12277 5 7 5329 46 15 7 10471 32 19 20 44 8 4 5 6 3775 3 42 22 10 6661 4 4441 7 11915 35 17 
17 2234 9 10 2665 11 9 6 8 10 5777 8 7 4 12 9 12 3109 0 9388 8 14 10 35 11 5773 9027 2 10 16 9 6 18 5 6 8 4885 14 11 7259 4 2 15 12277 11 3 9 26 18 8 19 7583 2 15 22 49 
18 12 14 16 3553 14804 18 23 9 21 8 18 10214 9388 41 11769 34 20 9388 0 47 19545 20 17 10110 12 4 12 18 68 58 16248 8097 5 22 32 13 71 20 14 7 30 14082 15 15 3109 17332 18 64 18 4 4 38 22 20 21303 
19 6 16971 15 18 9 9 14 3 10 8216 7818 16 12 19 2 7 9326 8 47 0 12 35 12 19 12213 21 9 5416 10 13 7 11 10 29 6 2 11 10 26 12 28 23 21 19 9104 9 5 39 34 12 12 8 5 10 6 
20 13 20 8935 15 10471 3350 12 10889 12 21 32 14519 15 15 15 2792 11 14 19545 12 0 25 12 20220 18 19545 11168 7944 35 10 8 40 16194 30 43 10 4 7 61 16 56 39 18 18054 16 9 22 4 7 13 23 14 9 12285 12 
21 7539 8 4 9 16 3630 8 33 13 22 30 13 44 20 10436 7 7106 10 20 35 25 0 5 16 12 41 37 33 2 4 3 20 16 8666 9749 8438 3 5 14798 13681 12 12 12 10 11 8 42 3 4 11 37 8376 9 20 14 
22 17 3 3553 7 10471 8097 7 9770 31 16609 15077 13101 12 30 12435 13 6 35 17 12 12 5 0 7583 9 18 10 12638 2 16 4663 35 58 7 52 13 10 38 18 16 41 5 8 8 10 21 17 27 6422 7 16 29 13 23 18 
23 14 17 18 5 12 32 7944 15887 16971 15 13123 41 13 18 26 37 3 11 10110 19 20220 16 7583 0 3 26 14 15887 12 14804 11554 14519 19 6 58 17693 21 23 29 10 12 16 20 7 20 14082 15165 14804 53 2220 40 7583 64 18776 26 
24 7 11 7328 4 17 24 7 11 19 5 11168 12 6439 20 50 26 3 5773 12 12213 18 12 9 3 0 6 15 17332 8438 13 9 14 5 6 16 10658 25 26 12844 16 21 7 27 22 3 32 15887 45 11 1554 3331 10 16971 14 24 
25 48 15165 17 4 18 18 14 9 61 5 13 11 7944 38 10 17 25 9027 4 21 19545 41 18 26 6 0 11 19 20 14240 17 10 5 26 14443 18 23 18149 10 4 6860 34 20 18 4 21 14 18 14798 5773 3 39 16248 17 40 
26 2 10832 6 4441 3972 16 5 2 20 6860 6 5 4 8305 5 8376 5 2 12 9 11168 37 10 14 15 11 0 8 8376 25 5584 11 8 16 4 12 13 40 22 19 3071 19 30 12999 4441 6499 7 8935 14 7 9749 4 11 15 9388 
27 23 16 7222 12638 3611 6 10 23 4 14 16 14 9388 2528 9 4 12277 10 18 5416 7944 33 12638 15887 17332 19 8 0 9388 2889 6 17332 17 13 2528 12 8666 6860 12 52 10 18 18 19 26 2166 6 6860 20 31 20 12 1 8305 19 
28 6701 6 9 7106 7583 22 6 33 13 19 13960 46 10 48 44 10 5 16 68 10 35 2 2 12 8438 20 8376 9388 0 21 5 16752 16 7 11 35 5 8 18 15 11 9 8 9 7550 29 10832 8 15 7 64 6422 10471 12 14 
29 6 11 18 7994 3972 7 5584 8 7 11727 46 12 8376 5 9 3 7 9 58 13 10 4 16 14804 13 14240 25 2889 21 0 10 15 22 10 20 6701 5 4 11 12 18 59 17 52 9 1444 6 12 2 36 52 29 4333 11 30 
30 5 8 2 6 3 3630 3350 5551 7944 17 45 8882 7 8 9 5305 5329 6 16248 7 8 3 4663 11554 9 17 5584 6 5 10 0 14 49 6 22 23 21 11 22 40 8 13 22 11 28 4 7 7 8 9 30 6 12 15 20 
31 21 17 17 18 15526 21 12 9 16 4747 5 15 9 18415 10051 19 46 18 8097 11 40 20 35 14519 14 10 11 17332 16752 15 14 0 13 52 16 39 24 21 20 5 7259 34 22 65 10 22 16 70 16 13 14 10 64 8376 18 
32 16 14 11 7 12 51 8 25 11915 2528 6143 31 6 17 36 13681 15 5 5 10 16194 16 58 19 5 5 8 17 16 22 49 13 0 9 22 7 16 18 8 2792 12 13 18 12277 2 16 11193 13123 11448 4 3 7 25 15 66 
33 6138 2889 3611 14 7 10832 2889 45 24 43 44 16609 17 16 16248 26 7 6 22 29 30 8666 7 6 6 26 16 13 7 10 6 52 9 0 10 13 11915 12999 13 17 7583 6499 6499 5 5 35 11 10 8 4 10471 4 10 58 15 
34 7 11915 14 42 2528 14 13 4 10 22 12 9027 26 6 7222 7222 10471 8 32 6 43 9749 52 58 16 14443 4 2528 11 20 22 16 22 10 0 5 14 10 38 40 8 32 62 56 22 7 3 9027 27 13721 13721 30 2 6138 7 
35 3997 17 6661 15 6 9 7 4 7 7 7 3331 9 7 8 7259 32 4885 13 2 10 8438 13 17693 10658 18 12 12 35 6701 23 39 7 13 5 0 45 20 5 7259 22 78 24 17693 8 7 3 12 16 10 18 6 5 3 5416 
36 9214 12277 8 10658 12 11 9 11168 16 20 16 17 13 19 13123 4 19 14 71 11 4 3 10 21 25 23 13 8666 5 5 21 24 16 11915 14 45 0 2 15636 61 13 19 14 56 11 7222 13 1675 3350 11102 21 42 13 26 48 
37 8935 13721 9 14 9 2 9214 10051 14 15356 60 17 12 29 12 3 20 11 20 10 7 5 38 23 26 18149 40 6860 8 4 11 21 18 12999 10 20 2 0 14519 19 26 22 18 18 45 26 40 3 3630 11769 17 14 33 13 9388 
38 29 28 11448 12 11193 13 12 9 8 6143 1954 3 11 25 5 12 44 7259 14 26 61 14798 18 29 12844 10 22 12 18 11 22 20 8 13 38 5 15636 14519 0 6 6422 19 17032 15636 35 12999 11 28 14 12285 37 8935 20 3350 14 
39 8 12 11 5 10471 15 15 6 10471 1117 3071 28 3 16 11 54 8 4 7 12 16 13681 16 10 16 4 19 52 15 12 40 5 2792 17 40 7259 61 19 6 0 3 26 13402 13 17 12999 12 15 11727 9 4188 23 11554 14 15 
40 16 10471 7 2 30 10889 9 4441 18 3250 6 13 2 12638 7 14 4 2 30 28 56 12 41 12 21 6860 3071 10 11 18 8 7259 12 7583 8 22 13 26 6422 3 0 13360 18 25 2 40 7944 45 9 4663 5777 3071 10 6 15 
41 26 8 11 8 13360 62 10 23 23 64 31 29 59 38 29 18054 5 15 14082 23 39 12 5 16 7 34 19 18 9 59 13 34 13 6499 32 78 19 22 19 26 13360 0 1 2 14 14 18 13721 52 6 28 19 33 21 87 
42 12999 5 35 28 13 14443 9388 20 36 18 32 29 61 23 91 69 6 12277 15 21 18 12 8 20 27 20 30 18 8 17 22 22 18 6499 62 24 14 18 17032 13402 18 1 0 2 8 14 16248 25 11915 5329 17 10110 16248 23 21 
43 14 2166 8 5773 24 28 8 18 33 19 15 43 13360 69 85 16609 3775 11 15 19 18054 10 8 7 22 18 12999 19 9 52 11 65 12277 5 56 17693 56 18 15636 13 25 2 2 0 8 12638 15 12 11554 4 13 8305 17 39 25 
44 5 5773 23 666 10 12 4 6439 15 2665 15 34 4 62 36 42 3 3 3109 9104 16 11 10 20 3 4 4441 26 7550 9 28 10 2 5 22 8 11 45 35 17 2 14 8 8 0 12 11 19 11 2887 2 2665 14 8 16609 
45 6 12 5055 12 3 4 12 9 22 13360 13 12638 18 19 10471 4694 42 9 17332 9 9 8 21 14082 32 21 6499 2166 29 1444 4 22 16 35 7 7 7222 26 12999 12999 40 14 14 12638 12 0 17 5 4 13721 17 10 3 39 8 
46 4 51 8 14 4 9 8 3 2 11 10 10 6 5 6499 30 22 26 18 5 22 42 17 15165 15887 14 7 6 10832 6 7 16 11193 11 3 3 13 40 11 12 7944 18 16248 15 11 17 0 9749 30 56 27 7944 7 7 12 
47 8 10110 19 36 14 2 6980 9772 10832 16 18 14 10889 8 12 4188 10 18 64 39 4 3 27 14804 45 18 8935 6860 8 12 7 70 13123 10 9027 12 1675 3 28 15 45 13721 25 12 19 5 9749 0 2 9770 59 8655 8 12 11193 
48 22 19 7 10 20 1954 5305 32 9027 24 14 14 10 27 13 4 6661 8 18 34 7 4 6422 53 11 14798 14 20 15 2 8 16 11448 8 27 16 3350 3630 14 11727 9 52 11915 11554 11 4 30 2 0 17 13402 7259 8 10051 10 
49 7 3997 12 2 24 13 4663 35 17 5551 12 44 6 18 13 45 4 19 4 12 13 11 7 2220 1554 5773 7 31 7 36 9 13 4 4 13721 10 11102 11769 12285 9 4663 6 5329 4 2887 13721 56 9770 17 0 3997 3775 30 10436 22 
50 12 25 14 2665 13 15 10110 16 30 8 15 9 7 37 21 15636 4441 7583 4 12 23 37 16 40 3331 3 9749 20 64 52 30 14 3 10471 13721 18 21 17 37 4188 5777 28 17 13 2 17 27 59 13402 3997 0 32 15 11 19 
51 4 26 4 4 5777 11 1675 5107 9388 14 8097 7994 7 13 10 20 7 2 38 8 14 8376 29 7583 10 39 4 12 6422 29 6 10 7 4 30 6 42 14 8935 23 3071 19 10110 8305 2665 10 7944 8655 7259 3775 32 0 18 9 27 
52 6 12638 8 11915 3 8 8 17 2528 14 45 19 9 3 14 12 11915 15 22 5 9 9 13 64 16971 16248 11 1 10471 4333 12 64 25 10 2 5 13 33 20 11554 10 33 16248 17 14 3 7 8 8 30 15 18 0 6860 9 
53 4885 22 10 10 17 13 14 7 4 26 4747 2 4441 9 3 12 35 22 20 10 12285 20 23 18776 14 17 15 8305 12 11 15 8376 15 58 6138 3 26 13 3350 14 6 21 23 39 8 39 7 12 10051 10436 11 9 6860 0 14 
54 39 22 49 16609 9 8666 14 6860 9 18 52 9 11915 2528 5777 7 17 49 21303 6 12 14 18 26 24 40 9388 19 14 30 20 18 66 15 7 5416 48 9388 14 15 15 87 21 25 16609 8 12 11193 10 22 19 27 9 14 0 

;param cto[*,*]
: 0 1 2 3 4 5 6 7 8 9 10 11 12 13 14 15 16 17 18 19 20 21 22 23 24 25 26 27 28 29 30 31 32 33 34 35 36 37 38 39 40 41 42 43 44 45 46 47 48 49 50 51 52 53 54:=
0 0 46 44 45 39 42 43 44 40 42 42 43 40 42 43 43 41 39 48 42 44 43 43 43 48 44 39 41 42 41 40 44 42 41 40 41 44 44 42 42 40 44 44 43 41 40 44 42 41 43 43 40 40 42 43 
1 46 0 40 42 42 44 41 49 45 44 46 51 43 49 51 45 44 46 44 46 46 46 43 40 42 45 43 44 40 47 42 47 43 39 44 46 44 45 47 45 43 40 40 39 42 43 44 43 42 41 44 41 44 46 46 
2 44 40 0 46 40 41 43 43 42 44 49 46 42 46 45 42 41 41 45 44 44 40 41 42 44 45 45 41 40 41 43 47 47 40 41 43 42 42 45 44 46 42 42 42 42 40 45 41 40 42 44 40 45 44 44 
3 45 42 46 0 42 49 41 47 44 40 43 45 40 45 49 46 39 40 41 45 47 49 47 41 40 45 41 44 44 44 47 44 39 41 43 44 46 47 44 41 40 43 43 42 38 47 43 45 44 44 40 40 44 44 46 
4 39 42 40 42 0 41 40 40 40 43 43 43 41 41 43 41 42 40 45 42 43 42 43 48 45 45 40 40 42 40 43 46 43 45 39 45 42 46 43 43 42 44 48 44 46 39 39 41 40 44 48 41 43 42 42 
5 42 44 41 49 41 0 42 43 42 46 46 46 44 41 44 39 44 47 48 43 40 40 43 46 47 48 43 40 41 39 40 49 46 43 41 43 40 43 50 46 45 46 45 45 46 44 42 39 39 46 51 44 41 44 42 
6 43 41 43 41 40 42 0 42 42 42 44 48 41 43 44 47 40 40 44 44 45 42 42 42 43 44 40 42 41 41 40 49 45 39 41 43 47 44 44 42 41 46 42 46 45 41 41 42 41 42 43 39 42 43 44 
7 44 49 43 47 40 43 42 0 39 42 41 40 40 41 40 43 47 41 49 44 45 44 46 46 46 44 43 41 44 42 42 47 43 43 40 39 45 44 41 46 41 47 47 46 43 41 39 44 43 45 44 42 40 39 41 
8 40 45 42 44 40 42 42 39 0 44 42 45 41 40 40 46 48 42 46 39 47 44 46 46 46 45 40 44 48 45 42 45 44 44 39 39 44 43 46 43 42 47 47 46 44 40 42 43 42 46 45 42 39 44 40 
9 42 44 44 40 43 46 42 42 44 0 40 43 40 49 44 47 42 41 41 44 49 47 46 44 46 40 41 48 46 45 44 41 39 43 43 43 48 48 42 38 39 46 46 45 40 44 47 47 46 42 40 41 44 43 46 
10 42 46 49 43 43 46 44 41 42 40 0 40 40 48 42 46 44 42 44 43 48 47 47 46 45 42 41 44 47 45 45 40 42 45 43 42 52 47 39 40 41 48 48 51 42 48 42 47 46 45 42 43 43 41 44 
11 43 51 46 45 43 46 48 40 45 43 40 0 42 43 40 49 46 43 46 41 47 47 48 48 51 45 46 43 47 45 45 42 44 46 42 40 48 47 39 42 43 49 49 49 45 44 42 51 46 47 49 44 43 39 46 
12 40 43 42 40 41 44 41 40 41 40 40 42 0 47 43 45 41 39 42 43 46 45 45 44 43 42 39 42 48 43 46 42 40 42 41 41 50 49 41 43 39 45 45 44 40 42 45 45 44 42 45 40 42 41 44 
13 42 49 46 45 41 41 43 41 40 49 48 43 47 0 42 40 45 43 48 40 42 43 45 51 51 47 42 39 44 44 45 47 46 44 40 41 42 41 44 45 44 47 47 46 46 40 40 46 41 51 47 44 39 42 39 
14 43 51 45 49 43 44 44 40 40 44 42 40 43 42 0 44 46 43 47 43 46 46 48 48 48 50 46 46 47 47 44 44 45 46 41 39 46 49 41 44 47 49 49 48 45 43 41 49 45 47 46 44 41 39 41 
15 43 45 42 46 41 39 47 43 46 47 46 49 45 40 44 0 45 44 49 46 40 42 44 47 48 52 43 44 43 40 41 49 47 44 41 42 44 39 49 46 45 47 46 46 46 40 42 40 44 47 48 44 41 44 41 
16 41 44 41 39 42 44 40 47 48 42 44 46 41 45 46 45 0 40 42 45 51 44 42 40 44 43 46 44 46 47 42 45 41 39 43 44 45 46 45 42 41 42 42 41 40 43 43 44 43 39 41 39 44 45 50 
17 39 46 41 40 40 47 40 41 42 41 42 43 39 43 43 44 40 0 42 43 46 44 43 43 42 42 43 42 43 42 45 44 44 41 41 42 45 49 42 44 43 44 44 47 40 42 41 44 43 42 42 39 42 42 44 
18 48 44 45 41 45 48 44 49 46 41 44 46 42 48 47 49 42 42 0 47 50 51 50 43 40 44 48 51 46 47 46 43 44 43 46 46 49 49 45 42 42 45 49 44 40 46 46 48 47 45 39 42 46 46 48 
19 42 46 44 45 42 43 44 44 39 44 43 41 43 40 43 46 45 43 47 0 44 45 47 51 48 46 42 40 45 42 43 49 45 45 40 43 48 44 42 44 44 48 52 51 45 42 40 44 43 47 46 44 40 40 39 
20 44 46 44 47 43 40 45 45 47 49 48 47 46 42 46 40 51 46 50 44 0 42 45 48 49 50 45 42 43 41 42 51 48 45 43 48 40 39 48 52 47 47 51 47 48 42 43 44 41 52 50 46 46 46 43 
21 43 46 40 49 42 40 42 44 44 47 47 47 45 43 46 42 44 44 51 45 42 0 41 44 46 48 44 42 43 44 40 49 50 42 43 45 40 41 47 47 45 47 43 47 45 41 43 39 39 45 47 43 46 46 44 
22 43 43 41 47 43 43 42 46 46 46 47 48 45 45 48 44 42 43 50 47 45 41 0 42 44 51 48 44 39 43 42 49 45 41 44 46 43 44 48 46 44 44 40 40 44 43 45 42 42 43 49 42 48 47 50 
23 43 40 42 41 48 46 42 46 46 44 46 48 44 51 48 47 40 43 43 51 48 44 42 0 44 44 44 46 42 45 44 47 43 40 45 47 46 47 47 48 43 40 40 40 42 45 45 45 44 40 43 42 46 47 48 
24 48 42 44 40 45 47 43 46 46 46 45 51 43 51 48 48 44 42 40 48 49 46 44 44 0 42 44 46 45 46 49 45 41 42 49 46 48 48 46 43 42 42 43 42 40 46 46 47 46 39 40 42 46 47 49 
25 44 45 45 45 45 48 44 44 45 40 42 45 42 47 50 52 43 42 44 46 50 48 51 44 42 0 47 46 47 47 50 41 40 44 45 45 49 49 43 44 41 46 47 46 41 46 49 48 47 42 39 43 46 45 48 
26 39 43 45 41 40 43 40 43 40 41 41 46 39 42 46 43 46 43 48 42 45 44 48 44 44 47 0 41 43 42 41 43 41 42 43 40 45 44 41 41 40 45 45 44 41 41 40 44 42 47 43 40 40 41 42 
27 41 44 41 44 40 40 42 41 44 48 44 43 42 39 46 44 44 42 51 40 42 42 44 46 46 46 41 0 42 39 40 46 45 43 39 41 42 41 47 44 47 46 46 45 44 39 39 41 40 46 46 42 42 42 40 
28 42 40 40 44 42 41 41 44 48 46 47 47 48 44 47 43 46 43 46 45 43 43 39 42 45 47 43 42 0 41 40 49 45 40 43 45 45 42 47 46 44 42 41 41 44 41 43 40 40 47 46 42 43 46 49 
29 41 47 41 44 40 39 41 42 45 45 45 45 43 44 47 40 47 42 47 42 41 44 43 45 46 47 42 39 41 0 39 51 45 42 40 42 41 40 49 45 44 45 45 44 45 38 44 40 43 45 46 42 40 43 42 
30 40 42 43 47 43 40 40 42 42 44 45 45 46 45 44 41 42 45 46 43 42 40 42 44 49 50 41 40 40 39 0 51 44 45 40 42 41 41 45 44 43 44 43 43 43 39 41 40 39 44 45 41 41 44 43 
31 44 47 47 44 46 49 49 47 45 41 40 42 42 47 44 49 45 44 43 49 51 49 49 47 45 41 43 46 49 51 51 0 42 46 45 44 50 50 41 41 42 49 49 48 43 47 45 49 52 45 42 48 46 43 51 
32 42 43 47 39 43 46 45 43 44 39 42 44 40 46 45 47 41 44 44 45 48 50 45 43 41 40 41 45 45 45 44 42 0 46 43 48 47 47 47 40 39 48 45 44 39 44 43 46 45 41 39 40 44 44 46 
33 41 39 40 41 45 43 39 43 44 43 45 46 42 44 46 44 39 41 43 45 45 42 41 40 42 44 42 43 40 42 45 46 46 0 42 48 44 44 45 43 42 41 41 44 41 42 43 46 46 41 43 40 47 45 49 
34 40 44 41 43 39 41 41 40 39 43 43 42 41 40 41 41 43 41 46 40 43 43 44 45 49 45 43 39 43 40 40 45 43 42 0 40 43 42 42 43 46 46 46 45 43 40 38 42 41 45 45 42 38 41 41 
35 41 46 43 44 45 43 43 39 39 43 42 40 41 41 39 42 44 42 46 43 48 45 46 47 46 45 40 41 45 42 42 44 48 48 40 0 45 44 45 42 42 47 47 47 48 45 43 44 43 49 45 47 40 39 40 
36 44 44 42 46 42 40 47 45 44 48 52 48 50 42 46 44 45 45 49 48 40 40 43 46 48 49 45 42 45 41 41 50 47 44 43 45 0 39 48 48 50 45 49 45 51 41 44 39 40 47 49 45 43 46 44 
37 44 45 42 47 46 43 44 44 43 48 47 47 49 41 49 39 46 49 49 44 39 41 44 47 48 49 44 41 42 40 41 50 47 44 42 44 39 0 47 47 46 46 46 46 47 41 43 40 40 47 52 45 42 45 42 
38 42 47 45 44 43 50 44 41 46 42 39 39 41 44 41 49 45 42 45 42 48 47 48 47 46 43 41 47 47 49 45 41 47 45 42 45 48 47 0 41 42 49 49 48 43 44 42 47 46 46 44 44 43 40 44 
39 42 45 44 41 43 46 42 46 43 38 40 42 43 45 44 46 42 44 42 44 52 47 46 48 43 44 41 44 46 45 44 41 40 43 43 42 48 47 41 0 43 46 46 46 40 44 43 47 45 43 40 42 44 42 49 
40 40 43 46 40 42 45 41 41 42 39 41 43 39 44 47 45 41 43 42 44 47 45 44 43 42 41 40 47 44 44 43 42 39 42 46 42 50 46 42 43 0 44 45 44 39 43 42 45 48 42 41 40 42 42 45 
41 44 40 42 43 44 46 46 47 47 46 48 49 45 47 49 47 42 44 45 48 47 47 44 40 42 46 45 46 42 45 44 49 48 41 46 47 45 46 49 46 44 0 42 38 44 49 46 45 44 42 45 43 46 52 49 
42 44 40 42 43 48 45 42 47 47 46 48 49 45 47 49 46 42 44 49 52 51 43 40 40 43 47 45 46 41 45 43 49 45 41 46 47 49 46 49 46 45 42 0 42 44 48 46 44 44 42 45 43 46 48 52 
43 43 39 42 42 44 45 46 46 46 45 51 49 44 46 48 46 41 47 44 51 47 47 40 40 42 46 44 45 41 44 43 48 44 44 45 47 45 46 48 46 44 38 42 0 43 44 49 48 44 45 48 42 45 47 48 
44 41 42 42 38 46 46 45 43 44 40 42 45 40 46 45 46 40 40 40 45 48 45 44 42 40 41 41 44 44 45 43 43 39 41 43 48 51 47 43 40 39 44 44 43 0 48 47 46 45 40 43 40 44 48 46 
45 40 43 40 47 39 44 41 41 40 44 48 44 42 40 43 40 43 42 46 42 42 41 43 45 46 46 41 39 41 38 39 47 44 42 40 45 41 41 44 44 43 49 48 44 48 0 40 44 39 45 46 42 39 43 41 
46 44 44 45 43 39 42 41 39 42 47 42 42 45 40 41 42 43 41 46 40 43 43 45 45 46 49 40 39 43 44 41 45 43 43 38 43 44 43 42 43 42 46 46 49 47 40 0 43 42 45 45 42 39 40 41 
47 42 43 41 45 41 39 42 44 43 47 47 51 45 46 49 40 44 44 48 44 44 39 42 45 47 48 44 41 40 40 40 49 46 46 42 44 39 40 47 47 45 45 44 48 46 44 43 0 39 46 47 43 46 49 43 
48 41 42 40 44 40 39 41 43 42 46 46 46 44 41 45 44 43 43 47 43 41 39 42 44 46 47 42 40 40 43 39 52 45 46 41 43 40 40 46 45 48 44 44 44 45 39 42 39 0 45 46 42 41 44 46 
49 43 41 42 44 44 46 42 45 46 42 45 47 42 51 47 47 39 42 45 47 52 45 43 40 39 42 47 46 47 45 44 45 41 41 45 49 47 47 46 43 42 42 42 45 40 45 45 46 45 0 41 41 45 46 48 
50 43 44 44 40 48 51 43 44 45 40 42 49 45 47 46 48 41 42 39 46 50 47 49 43 40 39 43 46 46 46 45 42 39 43 45 45 49 52 44 40 41 45 45 48 43 46 45 47 46 41 0 42 49 45 51 
51 40 41 40 40 41 44 39 42 42 41 43 44 40 44 44 44 39 39 42 44 46 43 42 42 42 43 40 42 42 42 41 48 40 40 42 47 45 45 44 42 40 43 43 42 40 42 42 43 42 41 42 0 42 43 45 
52 40 44 45 44 43 41 42 40 39 44 43 43 42 39 41 41 44 42 46 40 46 46 48 46 46 46 40 42 43 40 41 46 44 47 38 40 43 42 43 44 42 46 46 45 44 39 39 46 41 45 49 42 0 41 40 
53 42 46 44 44 42 44 43 39 44 43 41 39 41 42 39 44 45 42 46 40 46 46 47 47 47 45 41 42 46 43 44 43 44 45 41 39 46 45 40 42 42 52 48 47 48 43 40 49 44 46 45 43 41 0 41 
54 43 46 44 46 42 42 44 41 40 46 44 46 44 39 41 41 50 44 48 39 43 44 50 48 49 48 42 40 49 42 43 51 46 49 41 40 44 42 44 49 45 49 52 48 46 41 41 43 46 48 51 45 40 41 0 

;param d[*,*]
: 0 1 2 3 4 5 6 7 8 9 10 11 12 13 14 15 16 17 18 19 20 21 22 23 24 25 26 27 28 29 30 31 32 33 34 35 36 37 38 39 40 41 42 43 44 45 46 47 48 49 50 51 52 53 54:=
0 0.0 0 0 0 0.43 0.42 0 0 1.9 0.9 1.6 0 0.47 2.79 0 2.54 0 0.75 0 0 0.6 2.54 1.17 1.21 0 3.11 0 1.51 2.26 0 0.23 1.45 1.36 2.15 0.62 1.11 3.11 3.01 1.6 0.37 0.86 2.22 4.56 1.21 0 0.23 0 0 1.23 0 0.48 0.18 0.55 1.36 2.54 
1 0 0.0 0.55 1.42 1.02 1.29 0.99 0 5.07 1.45 0.78 0 2.92 0 0 1.56 0 0 0.6 5.95 1.72 0 0 1.13 0.42 5.32 3.8 1.37 0.55 0 0.35 0 1.21 1.01 4.18 0.72 4.31 4.81 1.96 0 3.67 0.68 0.39 0.76 1.6 0.48 3.29 3.55 1.6 1.11 2.09 1.69 4.43 1.88 1.88 
2 0 0.55 0.0 0 1.52 0 0 1.66 1.02 4.31 0 0.72 2.35 0 0.67 1.6 1.11 0.7 0.67 0.57 3.01 0 0.99 1.54 2.03 0.7 0 2.53 0.39 0.99 0 0.83 0 1.27 1.17 1.85 0.4 0.43 3.86 0 0 0.98 2.26 0.35 1.02 1.77 0 1.05 0.51 0.43 0.6 0 0 0 3.2 
3 0 1.42 0 0.0 0.43 0 0 0 4.31 0.23 2.63 0.65 0.59 0.7 0 1.8 0.15 0.74 0.99 0.68 0 0 0 0 0 0 1.23 4.43 1.97 2.22 0 1.25 0.31 0.63 2.73 0.57 2.96 0 0.55 0 0 0 1.21 1.6 0.18 0 1.17 1.6 0 0 0.74 0.17 4.18 0 5.83 
4 0.43 1.02 1.52 0.43 0.0 0.7 0.47 1.9 0.23 2.82 0.52 1.21 2.28 0.28 2.54 0.78 2.26 0.92 5.19 0.82 3.67 1.36 3.67 0 1.49 1.56 1.39 1.27 2.66 1.39 0 5.45 0.48 0 0.89 0 1.02 0 3.93 3.67 1.98 4.69 0 2.03 0 0.12 0.15 1.23 1.32 2.03 0 2.03 0 1.48 0.37 
5 0.42 1.29 0 0 0.7 0.0 2.45 1.17 2.35 2.96 4.52 0 3.39 0.63 0.62 0 2.28 0 0 0 1.13 1.22 2.73 2.71 0.89 0 1.13 0.23 1.23 0.37 1.22 1.0 2.83 3.8 1.23 0 0.62 0 0 0 3.67 4.05 5.07 2.4 0 0 0.37 0 0.66 0 0 0.53 0.7 0.62 3.04 
6 0 0.99 0 0 0.47 2.45 0.0 0 1.48 2.35 3.01 0 1.05 0.48 2.28 0 0 0.39 1.97 0.53 0 0.38 0 2.79 0 0.57 0.23 0.86 0.3 1.88 1.13 0 0 1.01 1.11 0 0 3.11 0.57 1.02 0.63 0 3.29 0 0 1.05 0.32 2.35 1.79 1.29 3.55 0.56 0.35 0.52 0.57 
7 0 0 1.66 0 1.9 1.17 0 0.0 0.89 1.54 1.11 0.59 0 0.74 0 2.63 0 0.3 0 0 3.67 1.45 2.71 5.57 0 0 0 1.51 1.45 0.4 1.54 0 1.09 2.92 0.17 0.2 3.76 3.39 0.63 0 1.23 1.96 0.83 0.77 1.79 0.78 0.13 3.29 1.79 1.52 0.58 1.42 1.13 0.31 2.41 
8 1.9 5.07 1.02 4.31 0.23 2.35 1.48 0.89 0.0 1.97 0.42 0 1.23 0.47 0.8 0 0 0.86 1.84 0.66 0 0.55 2.65 5.95 0.8 3.95 1.32 0 0 0 2.79 0.65 4.18 2.03 0.66 0.47 1.37 1.17 0 3.67 1.54 1.99 3.08 2.83 1.33 1.41 0 3.8 3.17 0.72 2.53 3.29 0.89 0 0.74 
9 0.9 1.45 4.31 0.23 2.82 2.96 2.35 1.54 1.97 0.0 0.25 0 0.2 0 2.22 1.96 0.9 2.03 0.66 2.28 1.0 1.92 5.83 1.33 0 0.39 2.41 0 1.68 3.95 1.45 1.6 0.89 2.82 1.85 0 0.94 5.18 2.07 0.38 1.14 4.14 0.77 1.6 0.74 4.69 0 0 1.68 1.54 0.68 1.23 0.58 1.13 0.73 
10 1.6 0.78 0 2.63 0.52 4.52 3.01 1.11 0.42 0.25 0.0 0 1.41 0 0.38 1.84 0.58 0.38 1.25 2.63 2.27 2.07 5.08 4.42 3.76 0.9 0 1.37 4.71 2.53 2.46 0.22 2.07 2.4 1.06 0.35 0 3.33 0.66 1.04 0 2.19 2.23 0 1.02 0 0.43 0.85 0 0 1.02 2.73 2.92 1.6 3.39 
11 0 0 0.72 0.65 1.21 0 0 0.59 0 0 0 0.0 0 1.17 0 0 2.71 0 2.83 0.7 4.89 0 3.63 3.51 0 0 0 1.21 2.03 0 2.46 1.02 1.37 5.83 3.17 0.92 0 0.83 0.13 1.54 0.48 2.5 2.5 3.7 1.49 4.43 0.9 0 0 1.96 0 2.22 1.66 0 0 
12 0.47 2.92 2.35 0.59 2.28 3.39 1.05 0 1.23 0.2 1.41 0 0.0 0 1.06 2.34 0.78 0.27 3.29 0.45 0 2.4 0 0.55 1.79 2.79 0.27 3.29 0 2.82 0 0.42 0.51 1.42 1.69 0.33 0 0 0.74 0 0 3.86 3.95 4.69 0 1.54 0 3.67 0 0 0 0.51 0.38 1.23 4.18 
13 2.79 0 0 0.7 0.28 0.63 0.48 0.74 0.47 0 0 1.17 0 0.0 2.79 1.39 5.19 0.5 3.51 1.22 1.29 1.72 2.59 0 0 3.26 2.91 0.89 3.11 0 0 6.46 0.72 1.41 0.51 0.63 1.6 1.88 2.09 0.67 4.43 3.26 1.99 4.52 4.05 1.22 0.22 0 1.79 0 3.14 0.55 0.13 0.38 0.89 
14 0 0 0.67 0 2.54 0.62 2.28 0 0.8 2.22 0.38 0 1.06 2.79 0.0 3.11 1.8 0 3.26 0 0.72 2.9 3.45 2.27 2.19 0 0 0 1.92 0 0 3.39 1.56 5.7 2.53 0.35 4.42 0 0 0.53 0 2.5 5.93 5.55 1.6 3.67 2.28 0 0.63 0 0.78 0 1.23 0.12 2.03 
15 2.54 1.56 1.6 1.8 0.78 0 0 2.63 0 1.96 1.84 0 2.34 1.39 3.11 0.0 0 0.58 2.39 0 0.94 0 0.62 3.14 0.97 0 2.82 0 0.47 0 1.79 0 4.61 2.22 2.53 2.45 0 0.15 0 2.96 0.68 6.33 4.52 5.83 1.84 1.65 1.98 1.41 0 1.99 5.27 1.41 0.99 0.55 0.28 
16 0 0 1.11 0.15 2.26 2.28 0 0 0 0.9 0.58 2.71 0.78 5.19 1.8 0 0.0 0.86 0.9 2.59 0 1.97 0 0 0 1.09 0 4.31 0 0 1.48 2.53 0.66 0.31 3.67 1.41 0.7 0.73 2.4 0 0 0 0 1.05 0 2.73 1.85 0 1.85 0.15 1.23 0.31 4.18 1.52 0 
17 0.75 0 0.7 0.74 0.92 0 0.39 0.3 0.86 2.03 0.38 0 0.27 0.5 0 0.58 0.86 0.0 3.29 0 0 0 1.91 0.45 1.6 3.17 0 0.4 1.09 0.43 0 1.25 0 0.27 0.66 1.36 0.65 0 2.45 0 0 1.33 4.31 0 0 0.37 1.69 1.29 0 0.82 2.66 0.1 1.29 0.98 3.2 
18 0 0.6 0.67 0.99 5.19 0 1.97 0 1.84 0.66 1.25 2.83 3.29 3.51 3.26 2.39 0.9 3.29 0.0 2.07 6.59 0 0 3.55 0.51 0 0 0 4.42 3.2 5.7 2.73 0 1.91 2.71 0 3.94 0 0.65 0 1.98 4.94 0 0.62 0.86 6.08 0.73 3.51 0.87 0 0.37 2.45 1.88 0.77 7.48 
19 0 5.95 0.57 0.68 0.82 0 0.53 0 0.66 2.28 2.63 0.7 0.45 1.22 0 0 2.59 0 2.07 0.0 0.57 1.52 0 0 3.39 0.78 0.35 1.9 0 0.94 0 0 0 2.46 0.23 0 0 0 1.42 0.57 1.25 0.97 0 0 2.53 0.82 0.47 2.16 1.85 0 0 0 0.2 0.43 0.49 
20 0.6 1.72 3.01 0 3.67 1.13 0 3.67 0 1.0 2.27 4.89 0 1.29 0.72 0.94 0 0 6.59 0.57 0.0 1.36 0 7.1 0 6.59 3.76 2.79 1.91 0.7 0 2.78 5.46 2.59 2.82 0 0 0.37 3.39 0 3.08 3.33 0 6.33 0 0.37 1.91 0 0.32 0 1.1 0 0 4.14 1.06 
21 2.54 0 0 0 1.36 1.22 0.38 1.45 0.55 1.92 2.07 0 2.4 1.72 2.9 0 1.97 0 0 1.52 1.36 0.0 0 1.41 0 3.51 2.03 2.16 0 0 0 0 0 3.04 3.42 2.34 0.17 0 4.99 4.61 0 0 0.48 0 0 0.7 2.73 0.23 0.31 0 3.14 2.82 0 0.75 0.6 
22 1.17 0 0.99 0 3.67 2.73 0 2.71 2.65 5.83 5.08 3.63 0 2.59 3.45 0.62 0 1.91 0 0 0 0 0.0 2.66 0 0 0 4.43 0 1.13 1.29 2.46 3.76 0.63 3.39 0 0.47 2.09 0 0.78 2.28 0 0.68 0.68 0 1.79 1.49 1.48 2.16 0 0 1.6 0 0.87 0 
23 1.21 1.13 1.54 0 0 2.71 2.79 5.57 5.95 1.33 4.42 3.51 0.55 0 2.27 3.14 0 0.45 3.55 0 7.1 1.41 2.66 0.0 0 2.22 0.57 5.57 1.02 5.19 4.05 4.89 1.66 0.25 3.76 6.21 1.8 1.96 2.03 0 0.48 1.04 1.32 0.62 0.86 4.94 5.32 5.19 3.48 0.62 2.63 2.66 4.14 6.59 2.23 
24 0 0.42 2.03 0 1.49 0.89 0 0 0.8 0 3.76 0 1.79 0 2.19 0.97 0 1.6 0.51 3.39 0 0 0 0 0.0 0 0.57 6.08 2.34 0 0 0.67 0 0 0 2.96 0.95 0.99 4.33 1.09 0.94 0 1.17 0.98 0 2.71 5.57 1.99 0 0.43 0.92 0.37 5.95 0 1.0 
25 3.11 5.32 0.7 0 1.56 0 0.57 0 3.95 0.39 0.9 0 2.79 3.26 0 0 1.09 3.17 0 0.78 6.59 3.51 0 2.22 0 0.0 0 0.8 0.85 4.8 0 0.7 0.47 2.22 5.07 0.67 1.09 6.12 0.5 0 2.41 2.9 0.83 0.75 0 1.84 0 0 4.99 1.6 0.13 2.54 5.7 0.63 3.39 
26 0 3.8 0 1.23 1.39 1.13 0.23 0 1.32 2.41 0 0 0.27 2.91 0 2.82 0 0 0 0.35 3.76 2.03 0 0.57 0.57 0 0.0 0.7 2.82 1.36 1.88 0.52 0.33 1.36 0 0.55 0.63 2.22 1.23 1.05 1.04 1.6 2.53 4.56 1.23 2.28 0.62 3.01 0.98 0 3.42 0 0.92 0.66 3.29 
27 1.51 1.37 2.53 4.43 1.27 0.23 0.86 1.51 0 0 1.37 1.21 3.29 0.89 0 0 4.31 0.4 0 1.9 2.79 2.16 4.43 5.57 6.08 0.8 0.7 0.0 3.29 1.01 0.55 6.08 1.49 1.13 0.89 0.99 3.04 2.41 0 3.39 0 0.77 0.73 1.6 2.22 0.76 0.49 2.41 1.32 2.65 1.76 1.02 0 2.91 1.22 
28 2.26 0.55 0.39 1.97 2.66 1.23 0.3 1.45 0 1.68 4.71 2.03 0 3.11 1.92 0.47 0 1.09 4.42 0 1.91 0 0 1.02 2.34 0.85 2.82 3.29 0.0 1.17 0.2 5.65 0.65 0.59 0.47 1.52 0 0 0.85 0.73 0 0.38 0.33 0.74 2.09 1.88 3.8 0.59 0.8 0 4.14 2.16 3.67 0 0 
29 0 0 0.99 2.22 1.39 0.37 1.88 0.4 0 3.95 2.53 0 2.82 0 0 0 0 0.43 3.2 0.94 0.7 0 1.13 5.19 0 4.8 1.36 1.01 1.17 0.0 0.55 0 1.56 0.43 1.32 2.26 0 0 0 0 1.25 3.86 1.49 3.39 0 0.51 0 0.68 0 1.6 2.9 1.6 1.52 0.52 1.98 
30 0.23 0.35 0 0 0 1.22 1.13 1.54 2.79 1.45 2.46 2.46 0 0 0 1.79 1.48 0 5.7 0 0 0 1.29 4.05 0 0 1.88 0.55 0.2 0.55 0.0 0 3.2 0 1.41 1.02 1.17 0.78 1.56 2.22 0 0.53 1.85 0.45 1.21 0.31 0.28 0.51 0.43 0 2.53 0 0.99 0.55 1.72 
31 1.45 0 0.83 1.25 5.45 1.0 0 0 0.65 1.6 0.22 1.02 0.42 6.46 3.39 0 2.53 1.25 2.73 0 2.78 0 2.46 4.89 0.67 0.7 0.52 6.08 5.65 0 0 0.0 0.94 2.9 0.67 2.16 1.15 0 1.11 0 2.45 2.39 1.07 3.57 0.48 1.92 0.65 3.88 0 0 0.98 0 4.14 2.82 0 
32 1.36 1.21 0 0.31 0.48 2.83 0 1.09 4.18 0.89 2.07 1.37 0.51 0.72 1.56 4.61 0.66 0 0 0 5.46 0 3.76 1.66 0 0.47 0.33 1.49 0.65 1.56 3.2 0.94 0.0 0 1.85 0 0 0.89 0 0.94 0.75 0 1.52 4.31 0.08 1.41 3.93 4.42 3.86 0 0.12 0.59 2.16 0.55 4.33 
33 2.15 1.01 1.27 0.63 0 3.8 1.01 2.92 2.03 2.82 2.4 5.83 1.42 1.41 5.7 2.22 0.31 0.27 1.91 2.46 2.59 3.04 0.63 0.25 0 2.22 1.36 1.13 0.59 0.43 0 2.9 0 0.0 0.43 0 4.18 4.56 0 1.21 2.66 2.28 2.28 0 0 2.26 0.47 0 0 0 3.67 0.17 0 3.76 0 
34 0.62 4.18 1.17 2.73 0.89 1.23 1.11 0.17 0.66 1.85 1.06 3.17 1.69 0.51 2.53 2.53 3.67 0.66 2.71 0.23 2.82 3.42 3.39 3.76 0 5.07 0 0.89 0.47 1.32 1.41 0.67 1.85 0.43 0.0 0.43 1.17 0.43 2.45 2.63 0 2.71 4.05 3.67 1.85 0.62 0.19 3.17 1.79 4.81 4.81 1.98 0.07 2.15 0.28 
35 1.11 0.72 1.85 0.57 0 0 0 0.2 0.47 0 0.35 0.92 0.33 0.63 0.35 2.45 1.41 1.36 0 0 0 2.34 0 6.21 2.96 0.67 0.55 0.99 1.52 2.26 1.02 2.16 0 0 0.43 0.0 2.46 1.37 0 2.45 0.98 5.08 2.07 6.21 0 0 0 0.58 1.13 0 0.67 0 0.47 0.12 1.9 
36 3.11 4.31 0.4 2.96 1.02 0.62 0 3.76 1.37 0.94 0 0 0 1.6 4.42 0 0.7 0.65 3.94 0 0 0.17 0.47 1.8 0.95 1.09 0.63 3.04 0 0 1.17 1.15 0 4.18 1.17 2.46 0.0 0.12 5.27 3.39 0 1.64 0 3.67 0 2.53 0.53 0.56 1.13 3.08 1.0 2.34 1.09 1.84 3.11 
37 3.01 4.81 0.43 0 0 0 3.11 3.39 1.17 5.18 3.33 0.83 0 1.88 0 0.15 0.73 0 0 0 0.37 0 2.09 1.96 0.99 6.12 2.22 2.41 0 0 0.78 0 0.89 4.56 0.43 1.37 0.12 0.0 4.89 0.9 1.8 1.88 0.75 0.73 1.99 1.69 2.63 0 1.22 3.26 0 0.65 2.16 0 3.29 
38 1.6 1.96 3.86 0.55 3.93 0 0.57 0.63 0 2.07 0.66 0.13 0.74 2.09 0 0 2.4 2.45 0.65 1.42 3.39 4.99 0 2.03 4.33 0.5 1.23 0 0.85 0 1.56 1.11 0 0 2.45 0 5.27 4.89 0.0 0.3 2.16 0 5.74 5.27 1.91 4.56 0.94 1.99 0 4.14 2.03 3.01 1.72 1.13 1.25 
39 0.37 0 0 0 3.67 0 1.02 0 3.67 0.38 1.04 1.54 0 0.67 0.53 2.96 0 0 0 0.57 0 4.61 0.78 0 1.09 0 1.05 3.39 0.73 0 2.22 0 0.94 1.21 2.63 2.45 3.39 0.9 0.3 0.0 0 1.8 4.52 0 0.92 4.56 1.06 0 3.95 0 1.41 1.29 4.05 0.98 0 
40 0.86 3.67 0 0 1.98 3.67 0.63 1.23 1.54 1.14 0 0.48 0 4.43 0 0.68 0 0 1.98 1.25 3.08 0 2.28 0.48 0.94 2.41 1.04 0 0 1.25 0 2.45 0.75 2.66 0 0.98 0 1.8 2.16 0 0.0 4.69 1.52 2.09 0 2.63 2.79 2.46 0 1.29 2.03 1.04 0.43 0 0.63 
41 2.22 0.68 0.98 0 4.69 4.05 0 1.96 1.99 4.14 2.19 2.5 3.86 3.26 2.5 6.33 0 1.33 4.94 0.97 3.33 0 0 1.04 0 2.9 1.6 0.77 0.38 3.86 0.53 2.39 0 2.28 2.71 5.08 1.64 1.88 0 1.8 4.69 0.0 0 0.16 0.53 0 0.77 4.81 3.39 0 2.4 1.66 2.83 0 5.65 
42 4.56 0.39 2.26 1.21 0 5.07 3.29 0.83 3.08 0.77 2.23 2.5 3.95 1.99 5.93 4.52 0 4.31 0 0 0 0.48 0.68 1.32 1.17 0.83 2.53 0.73 0.33 1.49 1.85 1.07 1.52 2.28 4.05 2.07 0 0.75 5.74 4.52 1.52 0 0.0 0 0 0 5.7 2.16 4.18 1.48 0.7 3.55 5.7 0.97 0 
43 1.21 0.76 0.35 1.6 2.03 2.4 0 0.77 2.83 1.6 0 3.7 4.69 4.52 5.55 5.83 1.05 0 0.62 0 6.33 0 0.68 0.62 0.98 0.75 4.56 1.6 0.74 3.39 0.45 3.57 4.31 0 3.67 6.21 3.67 0.73 5.27 0 2.09 0.16 0 0.0 0 4.43 0 0 4.05 0 0 2.91 0.7 3.33 2.15 
44 0 1.6 1.02 0.18 0 0 0 1.79 1.33 0.74 1.02 1.49 0 4.05 1.6 1.84 0 0 0.86 2.53 0 0 0 0.86 0 0 1.23 2.22 2.09 0 1.21 0.48 0.08 0 1.85 0 0 1.99 1.91 0.92 0 0.53 0 0 0.0 0 0 0.72 0 0.8 0 0.74 0.57 0 5.83 
45 0.23 0.48 1.77 0 0.12 0 1.05 0.78 1.41 4.69 0 4.43 1.54 1.22 3.67 1.65 2.73 0.37 6.08 0.82 0.37 0.7 1.79 4.94 2.71 1.84 2.28 0.76 1.88 0.51 0.31 1.92 1.41 2.26 0.62 0 2.53 1.69 4.56 4.56 2.63 0 0 4.43 0 0.0 1.13 0 0.35 4.81 0.72 0.86 0.13 2.54 0.33 
46 0 3.29 0 1.17 0.15 0.37 0.32 0.13 0 0 0.43 0.9 0 0.22 2.28 1.98 1.85 1.69 0.73 0.47 1.91 2.73 1.49 5.32 5.57 0 0.62 0.49 3.8 0 0.28 0.65 3.93 0.47 0.19 0 0.53 2.63 0.94 1.06 2.79 0.77 5.7 0 0 1.13 0.0 3.42 1.98 3.67 2.34 2.79 0.47 0.59 0.99 
47 0 3.55 1.05 1.6 1.23 0 2.35 3.29 3.8 0 0.85 0 3.67 0 0 1.41 0 1.29 3.51 2.16 0 0.23 1.48 5.19 1.99 0 3.01 2.41 0.59 0.68 0.51 3.88 4.42 0 3.17 0.58 0.56 0 1.99 0 2.46 4.81 2.16 0 0.72 0 3.42 0.0 0 2.71 3.26 2.92 0 0 3.93 
48 1.23 1.6 0.51 0 1.32 0.66 1.79 1.79 3.17 1.68 0 0 0 1.79 0.63 0 1.85 0 0.87 1.85 0.32 0.31 2.16 3.48 0 4.99 0.98 1.32 0.8 0 0.43 0 3.86 0 1.79 1.13 1.13 1.22 0 3.95 0 3.39 4.18 4.05 0 0.35 1.98 0 0.0 0.65 4.52 2.45 0.7 3.39 0 
49 0 1.11 0.43 0 2.03 0 1.29 1.52 0.72 1.54 0 1.96 0 0 0 1.99 0.15 0.82 0 0 0 0 0 0.62 0.43 1.6 0 2.65 0 1.6 0 0 0 0 4.81 0 3.08 3.26 4.14 0 1.29 0 1.48 0 0.8 4.81 3.67 2.71 0.65 0.0 1.11 1.05 2.59 2.9 0.92 
50 0.48 2.09 0.6 0.74 0 0 3.55 0.58 2.53 0.68 1.02 0 0 3.14 0.78 5.27 1.23 2.66 0.37 0 1.1 3.14 0 2.63 0.92 0.13 3.42 1.76 4.14 2.9 2.53 0.98 0.12 3.67 4.81 0.67 1.0 0 2.03 1.41 2.03 2.4 0.7 0 0 0.72 2.34 3.26 4.52 1.11 0.0 2.07 0 0 0 
51 0.18 1.69 0 0.17 2.03 0.53 0.56 1.42 3.29 1.23 2.73 2.22 0.51 0.55 0 1.41 0.31 0.1 2.45 0 0 2.82 1.6 2.66 0.37 2.54 0 1.02 2.16 1.6 0 0 0.59 0.17 1.98 0 2.34 0.65 3.01 1.29 1.04 1.66 3.55 2.91 0.74 0.86 2.79 2.92 2.45 1.05 2.07 0.0 1.54 0 2.34 
52 0.55 4.43 0 4.18 0 0.7 0.35 1.13 0.89 0.58 2.92 1.66 0.38 0.13 1.23 0.99 4.18 1.29 1.88 0.2 0 0 0 4.14 5.95 5.7 0.92 0 3.67 1.52 0.99 4.14 2.16 0 0.07 0.47 1.09 2.16 1.72 4.05 0.43 2.83 5.7 0.7 0.57 0.13 0.47 0 0.7 2.59 0 1.54 0.0 2.41 0.8 
53 1.36 1.88 0 0 1.48 0.62 0.52 0.31 0 1.13 1.6 0 1.23 0.38 0.12 0.55 1.52 0.98 0.77 0.43 4.14 0.75 0.87 6.59 0 0.63 0.66 2.91 0 0.52 0.55 2.82 0.55 3.76 2.15 0.12 1.84 0 1.13 0.98 0 0 0.97 3.33 0 2.54 0.59 0 3.39 2.9 0 0 2.41 0.0 1.23 
54 2.54 1.88 3.2 5.83 0.37 3.04 0.57 2.41 0.74 0.73 3.39 0 4.18 0.89 2.03 0.28 0 3.2 7.48 0.49 1.06 0.6 0 2.23 1.0 3.39 3.29 1.22 0 1.98 1.72 0 4.33 0 0.28 1.9 3.11 3.29 1.25 0 0.63 5.65 0 2.15 5.83 0.33 0.99 3.93 0 0.92 0 2.34 0.8 1.23 0.0 

;