set O:= 0;
set N:= 1 2 3 4 5 6 7 8 9 10 11 12 13 14 15 16 17 18 19 20 21 22 23 24 25 26 27 28 29 30 31 32 33 34 35 36 37 38 39 40 41 42 43 44 45 46 47 48 49 50;
set K:= 1 2 3 4 5 6 7 8 9 10;
param V:= 10;
param cp:= 80;
param dm:= 2.0;
param o:=
0 0
1 7
2 30
3 16
4 9
5 21
6 15
7 19
8 23
9 11
10 5
11 19
12 29
13 23
14 21
15 10
16 15
17 3
18 41
19 9
20 28
21 8
22 8
23 16
24 10
25 28
26 7
27 15
28 14
29 6
30 19
31 11
32 12
33 23
34 26
35 17
36 6
37 9
38 15
39 14
40 7
41 27
42 13
43 11
44 16
45 10
46 5
47 25
48 17
49 18
50 10
;
param c[*,*]
: 0 1 2 3 4 5 6 7 8 9 10 11 12 13 14 15 16 17 18 19 20 21 22 23 24 25 26 27 28 29 30 31 32 33 34 35 36 37 38 39 40 41 42 43 44 45 46 47 48 49 50:=
0 0 3 5 7 8 4 2 7 4885 6 40 3 4 6439 5 5329 6 3775 3 8 9 7106 9 8 7 20 7 7 6439 7 8 13 4 12277 14 8660 9548 3997 13 17 37 13 6883 12 6 12 0 2 13 5 6 
1 3 0 3 4219 9 6 7 6 2443 7 15 3 18 9 6 10 4 7 7 9992 6 6 2 23 16 7328 3997 2 4 5 8 4 2 15165 6661 7 6883 6661 8 17 12435 20 12 9493 8216 17 12 5107 5 5773 11 
2 5 3 0 4 13360 8 6 9493 10 3553 10 4 8666 11 21 51 1776 25 11 22 3350 4 3611 18 11448 13 10 4219 26 8 5 10 2 14082 9 5305 8 14 3109 14 14 14 43 14 55 14443 4 42 11 9 3 
3 7 4219 4 0 20 13 10 10 5863 17 15526 14 55 19 13 72 13 17332 12844 36 2 7 3 11 16 14 6980 5995 2513 4747 10 8 20 78 36 6 3350 21 10 20 23 22 69 13123 19137 20 9 59 8 10 7539 
4 8 9 13360 20 0 9 6 10331 15 46 12 12 4333 6 25 8 51 5 2528 6 17332 32 13721 9 10 8 15165 5329 16971 15526 14 16609 6 11 14804 20 27 4 9388 14443 36 4694 6 22 5 10 4 5 26 20 13 
5 4 6 8 13 9 0 5551 22 48 17 5055 4 3250 16 14 6 5777 5 9 12 11554 9027 9749 20 21 13 29 5 53 36 6499 18 14 7222 15 16 65 4 3 10 15165 46 9749 27 8 7 3 6 6439 4 6 
6 2 7 6 10 6 5551 0 5 8 30 14082 5 16 7 2220 8 9 11 6 15 9 11 6 3071 4 4 6 2 8 8216 9326 6 4 15887 19 12 10 5995 7 35 20 7 8216 6 7 30 3 3331 1776 7328 7994 
7 7 6 9493 10 10331 22 5 0 3909 12844 78 37 11 14 7 13960 11 23 8 14 11168 55 6980 1675 4 8 3 21 29 15 15077 6 30 87 16 50 12844 12006 22 23 16194 16 16 4 13681 26 9 8935 12 51 26 
8 4885 2443 10 5863 15 48 8 3909 0 25 18 8 22 12 19 17 10 18 14 46 7 14 9 4188 8 48 10 3 5 11 15887 4 3775 39 59 35 11 18 11 19498 27 14 23 15 21 75 5 10832 1998 15 25 
9 6 7 3553 17 46 17 30 12844 25 0 5 3 8 10 11448 17 7 9388 12 9548 9 4 9388 15 13 16 15526 6 16 3553 2 14082 4219 33 4 10 13 7944 1554 6860 11991 39 9 20 10110 9388 4 11 15 1332 2 
10 40 15 10 15526 12 5055 14082 78 18 5 0 8 7944 17 20 11 9 11 26 13721 27 17 13360 18054 19137 34 21 15 16609 39 13 23 10110 17 7 19 18 27 5416 3611 19 30 22 22 15 6 10 13 17 3 12 
11 3 3 4 14 12 4 5 37 8 3 8 0 6 11 10 9 2220 9 7259 36 6143 5 5777 17 10 12 11 4 38 4 4663 20 5 11193 4441 8097 11 9 2 45 22 11 10 24 40 11193 3 7 5 12 3 
12 4 18 8666 55 4333 3250 16 11 22 8 7944 6 0 9 30 23 32 6 5055 19 14 46 11 9 8376 8666 26 3553 13 11193 10 17 4 19 43 31 17 4 10 12 14 36 35 11448 8 17 2 2166 6 7 9 
13 6439 9 11 19 6 16 7 14 12 10 17 11 9 0 3997 11554 10880 9 6 12 34 26 21 9 8 6 10658 7328 50 13 12 11991 10 19 16 24 40 39 18 22 4219 4 6 44 38 53 7 8 32 10 23 
14 5 6 21 13 25 14 2220 7 19 11448 20 10 30 3997 0 12638 45 11 2792 6 16 13960 11915 5 11 2 11 4 56 13 15 12999 23 16609 13681 60 15915 10 10 24 8 7 29 26 46 14804 4441 6 5 12 25 
15 5329 10 51 72 8 6 8 13960 17 17 11 9 23 11554 12638 0 13 5 18 8 16609 14 19 25 25 13 18776 7 23 15 8666 21 6661 8 10832 19137 21 3 8 33 14 9388 23 15915 9 2166 20 6860 9 23 10471 
16 6 4 1776 13 51 5777 9 11 10 7 9 2220 32 10880 45 13 0 10832 39 10658 5 2220 8 12 13 50 13 5107 10 2 3331 45 12 45 2665 27 17 19 8 10 14 12 12 14519 14 48 9 13 6661 6 1110 
17 3775 7 25 17332 5 5 11 23 18 9388 11 9 6 9 11 5 10832 0 5055 8 18 16 53 11 9493 9027 16 6 33 18 11 34 6 9 16 19137 26 2 7583 12 10 8 5055 13 3 7 14 6 8 30 11554 
18 3 7 11 12844 2528 9 6 8 14 12 26 7259 5055 6 2792 18 39 5055 0 18 13123 13 12 6701 23 3 13 4 61 48 11448 14804 5 27 25 19 65 7 10 18 26 3775 5 10 7944 11193 4 12 6 9 22 
19 8 9992 22 36 6 12 15 14 46 9548 13721 36 19 12 6 8 10658 8 18 0 22 50 13 12 10889 11 25 8438 15 25 12 13 10 24 13 20 21 8 34 21 9 1 2 14 6138 12 9 32 38 9 12 
20 9 6 3350 2 17332 11554 9 11168 7 9 27 6143 14 34 16 16609 5 18 13123 22 0 18 5 11448 17 14798 8655 6217 18 6 10 12 4885 35 28 2 4 62 28 16 82 35 17 14519 23 20 14 15 9 9 7 
21 7106 6 4 7 32 9027 11 55 14 4 17 5 46 26 13960 14 2220 16 13 50 18 0 11 17 17 31 62 28 11 2 4 14 5 12638 1998 5863 9 14 3997 9749 17 13 13 17 19 18 27 27 17 5 3 
22 9 2 3611 3 13721 9749 6 6980 9 9388 13360 5777 11 21 11915 19 8 53 12 13 5 11 0 7259 11 14 6 3331 4 13 12277 9 10 21 43 7 8 52 9 20 56 11 23 21 19 34 6 43 3775 12 9 
23 8 23 18 11 9 20 3071 1675 4188 15 18054 17 9 9 5 25 12 11 6701 12 11448 17 7259 0 3 12 5 4467 10 11727 14240 6701 13 22 57 12844 17 13 20 22 16 45 52 7 49 18776 6701 7259 10 12006 49 
24 7 16 11448 16 10 21 4 4 8 13 19137 10 8376 8 11 25 13 9493 23 10889 17 17 11 3 0 4 13 6143 10610 17 15 12 10 25 16 15356 32 21 11168 45 51 12 48 13 13 38 7539 29 5 12844 13960 
25 20 7328 13 14 8 13 4 8 48 16 34 12 8666 6 2 13 50 9027 3 11 14798 31 14 12 4 0 13 6 18 14240 15 31 9 35 15077 34 22 10471 13 20 7106 9 8 8 14 19 6 7 5329 11727 15 
26 7 3997 10 6980 15165 29 6 3 10 15526 21 11 26 10658 11 18776 13 16 13 25 8655 62 6 5 13 13 0 6 5777 52 18415 5 6 44 17 39 13 66 53 88 14433 15 26 6143 19137 21303 13 12999 6 16 15165 
27 7 2 4219 5995 5329 5 2 21 3 6 15 4 3553 7328 4 7 5107 6 4 8438 6217 28 3331 4467 6143 6 6 0 5107 6217 10 4885 2 19 7550 16 8660 5773 4 62 11 9 10 10 15 14082 4 3553 7 12 8 
28 6439 4 26 2513 16971 53 8 29 5 16 16609 38 13 50 56 23 10 33 61 15 18 11 4 10 10610 18 5777 5107 0 35 30 2166 5 26 15 21 6 18 14 24 18 15 15 13 19137 82 6661 28 19 14 46 
29 7 5 8 4747 15526 36 8216 15 11 3553 39 4 11193 13 13 15 2 18 48 25 6 2 13 11727 17 14240 52 6217 35 0 19 10 9 16 13 4188 7 14 4 13 30 51 15 61 17 15165 6 52 7 20 10 
30 8 8 5 10 14 6499 9326 15077 15887 2 13 4663 10 12 15 8666 3331 11 11448 12 10 4 12277 14240 15 15 18415 10 30 19 0 17 24 7 5 40 47 19 7 17 14 12 18 20 43 11 7 24 38 3 4 
31 13 4 10 8 16609 18 6 6 4 14082 23 20 17 11991 12999 21 45 34 14804 13 12 14 9 6701 12 31 5 4885 2166 10 17 0 10 85 17 28 9 19 49 23 15543 26 17 36 24 27 7 55 4 17 27 
32 4 2 2 20 6 14 4 30 3775 4219 10110 5 4 10 23 6661 12 6 5 10 4885 5 10 13 10 9 6 2 5 9 24 10 0 13 12 6 8 7 3 13360 45 9 11 10331 14 16 1998 4219 3331 5 5 
33 12277 15165 14082 78 11 7222 15887 87 39 33 17 11193 19 19 16609 8 45 9 27 24 35 12638 21 22 25 35 44 19 26 16 7 85 13 0 11 20 22026 6499 10 9 14804 12999 9027 24 6 10 13 11 18 7 10110 
34 14 6661 9 36 14804 15 19 16 59 4 7 4441 43 16 13681 10832 2665 16 25 13 28 1998 43 57 16 15077 17 7550 15 13 5 17 12 11 0 10 13 12 14 26 14 24 41 71 25 22 26 12999 37 2887 1332 
35 8660 7 5305 6 20 16 12 50 35 10 19 8097 31 24 60 19137 27 19137 19 20 2 5863 7 12844 15356 34 39 16 21 4188 40 28 6 20 10 0 7 36 9 17332 89 77 23 15915 21 21 8 22 16 10 15 
36 9548 6883 8 3350 27 65 10 12844 11 13 18 11 17 40 15915 21 17 26 65 21 4 9 8 17 32 22 13 8660 6 7 47 9 8 22026 13 7 0 25 10610 78 24 26 20 65 23 22748 11 19137 8882 12006 11 
37 3997 6661 14 21 4 4 5995 12006 18 7944 27 9 4 39 10 3 19 2 7 8 62 14 52 13 21 10471 66 5773 18 14 19 19 7 6499 12 36 25 0 6499 12 22 10 6 15 10 19 15 5 7328 6138 10 
38 13 8 3109 10 9388 3 7 22 11 1554 5416 2 10 18 10 8 8 7583 10 34 28 3997 9 20 11168 13 53 4 14 4 7 49 3 10 14 9 10610 6499 0 11 10880 10 7550 13681 36 9027 4 14 7 1554 10 
39 17 17 14 20 14443 10 35 23 19498 6860 3611 45 12 22 24 33 10 12 18 21 16 9749 20 22 45 20 88 62 24 13 17 23 13360 9 26 17332 78 12 11 0 19 35 13721 29 42 7222 16 15 18776 7 7944 
40 37 12435 14 23 36 15165 20 16194 27 11991 19 22 14 4219 8 14 14 10 26 9 82 17 56 16 51 7106 14433 11 18 30 14 15543 45 14804 14 89 24 22 10880 19 0 2665 4 32 12 49 9326 46 12 10658 13101 
41 13 20 14 22 4694 46 7 16 14 39 30 11 36 4 7 9388 12 8 3775 1 35 13 11 45 12 9 15 9 15 51 12 26 9 12999 24 77 26 10 10 35 2665 0 3 16 14 10 8 7583 36 11 22 
42 6883 12 43 69 6 9749 8216 16 23 9 22 10 35 6 29 23 12 5055 5 2 17 13 23 52 48 8 26 10 15 15 18 17 11 9027 41 23 20 6 7550 13721 4 3 0 16 4 6 6883 16 9992 7106 11 
43 12 9493 14 13123 22 27 6 4 15 20 22 24 11448 44 26 15915 14519 13 10 14 14519 17 21 7 13 8 6143 10 13 61 20 36 10331 24 71 15915 65 15 13681 29 32 16 16 0 19 22748 10 10 5863 16 16 
44 6 8216 55 19137 5 8 7 13681 21 10110 15 40 8 38 46 9 14 3 7944 6138 23 19 19 49 13 14 19137 15 19137 17 43 24 14 6 25 21 23 10 36 42 12 14 4 19 0 4 5 12 11 7944 12 
45 12 17 14443 20 10 7 30 26 75 9388 6 11193 17 53 14804 2166 48 7 11193 12 20 18 34 18776 38 19 21303 14082 82 15165 11 27 16 10 22 21 22748 19 9027 7222 49 10 6 22748 4 0 42 9 21 7222 12 
46 0 12 4 9 4 3 3 9 5 4 10 3 2 7 4441 20 9 14 4 9 14 27 6 6701 7539 6 13 4 6661 6 7 7 1998 13 26 8 11 15 4 16 9326 8 6883 10 5 42 0 1998 15 17 11 
47 2 5107 42 59 5 6 3331 8935 10832 11 13 7 2166 8 6 6860 13 6 12 32 15 27 43 7259 29 7 12999 3553 28 52 24 55 4219 11 12999 22 19137 5 14 15 46 7583 16 10 12 9 1998 0 6 8305 45 
48 13 5 11 8 26 6439 1776 12 1998 15 17 5 6 32 5 9 6661 8 6 38 9 17 3775 10 5 5329 6 7 19 7 38 4 3331 18 37 16 8882 7328 7 18776 12 36 9992 5863 11 21 15 6 0 16 7772 
49 5 5773 9 10 20 4 7328 51 15 1332 3 12 7 10 12 23 6 30 9 9 9 5 12 12006 12844 11727 16 12 14 20 3 17 5 7 2887 10 12006 6138 1554 7 10658 11 7106 16 7944 7222 17 8305 16 0 2665 
50 6 11 3 7539 13 6 7994 26 25 2 12 3 9 23 25 10471 1110 11554 22 12 7 3 9 49 13960 15 15165 8 46 10 4 27 5 10110 1332 15 11 10 10 7944 13101 22 11 16 12 12 11 45 7772 2665 0 

;param cto[*,*]
: 0 1 2 3 4 5 6 7 8 9 10 11 12 13 14 15 16 17 18 19 20 21 22 23 24 25 26 27 28 29 30 31 32 33 34 35 36 37 38 39 40 41 42 43 44 45 46 47 48 49 50:=
0 0 44 45 47 41 40 44 46 42 42 43 40 39 43 41 42 42 41 44 43 44 44 41 42 46 42 43 39 43 43 43 43 40 44 43 45 46 41 40 45 45 43 43 44 42 43 42 39 40 42 42 
1 44 0 40 41 43 42 41 46 40 42 44 44 41 49 46 44 45 47 43 46 41 46 43 42 43 44 41 39 41 45 44 41 39 45 43 43 43 43 41 46 48 46 46 44 44 45 40 42 40 42 42 
2 45 40 0 44 44 42 47 44 42 41 47 40 42 51 44 44 39 44 44 47 40 40 40 44 45 46 47 41 41 39 46 42 44 45 41 41 42 43 40 44 53 47 46 46 45 45 45 43 42 42 40 
3 47 41 44 0 47 48 44 48 42 43 46 42 45 49 50 47 42 46 46 49 39 46 44 44 46 51 42 43 39 41 48 40 42 47 44 40 40 46 43 47 51 49 49 46 47 51 44 45 43 48 43 
4 41 43 44 47 0 41 42 44 44 44 43 42 40 40 41 41 44 39 39 40 46 46 45 47 43 41 45 42 46 46 48 46 42 47 45 51 49 44 42 45 42 40 44 45 44 42 41 39 43 43 48 
5 40 42 42 48 41 0 42 45 44 40 40 40 39 44 43 40 41 44 42 43 44 42 43 44 45 44 45 41 44 42 41 45 41 41 42 45 46 44 43 42 45 44 43 46 41 45 40 40 43 39 45 
6 44 41 47 44 42 42 0 41 41 44 45 45 41 43 40 48 43 42 40 44 44 45 42 40 40 41 42 39 43 44 45 46 45 46 45 46 50 43 42 47 46 47 44 46 48 45 40 40 39 44 44 
7 46 46 44 48 44 45 41 0 40 46 47 44 44 45 42 47 49 45 47 51 45 47 42 39 40 42 44 41 42 46 47 45 43 49 47 46 46 46 45 53 48 46 47 40 47 48 43 44 40 46 46 
8 42 40 42 42 44 44 41 40 0 44 46 46 43 46 43 50 47 45 44 47 46 44 40 40 42 44 39 44 44 47 46 39 41 47 45 43 44 45 47 47 49 47 47 42 46 47 46 43 39 45 44 
9 42 42 41 43 44 40 44 46 44 0 40 40 42 50 45 42 39 42 44 46 42 40 42 46 50 46 46 46 44 41 39 45 41 42 39 43 44 42 39 41 47 46 45 48 43 42 45 43 44 39 39 
10 43 44 47 46 43 40 45 47 46 40 0 42 42 50 46 40 41 42 44 45 44 42 44 47 47 46 47 44 46 43 39 47 43 40 40 46 50 41 40 40 46 45 43 53 42 44 42 43 45 39 41 
11 40 44 40 42 42 40 45 44 46 40 42 0 40 45 43 46 40 42 42 45 42 41 41 43 48 44 47 40 42 41 42 43 39 43 41 43 44 42 39 43 47 45 44 46 43 43 40 45 42 40 44 
12 39 41 42 45 40 39 41 44 43 42 42 40 0 46 42 41 42 39 40 42 44 44 43 43 43 42 44 41 48 43 46 44 40 42 43 46 50 43 40 47 44 42 42 45 41 42 43 39 42 41 46 
13 43 49 51 49 40 44 43 45 46 50 50 45 46 0 41 44 47 42 40 40 49 48 46 48 46 40 46 44 48 52 51 47 45 46 48 50 51 43 45 47 41 39 42 45 42 44 43 45 44 49 47 
14 41 46 44 50 41 43 40 42 43 45 46 43 42 41 0 44 45 42 40 47 46 47 44 40 40 43 47 45 45 50 46 44 42 46 47 47 48 47 44 47 48 42 44 42 44 45 41 44 41 45 46 
15 42 44 44 47 41 40 48 47 50 42 40 46 41 44 44 0 43 40 42 46 46 44 45 46 46 48 47 47 47 45 42 47 43 40 43 47 52 39 45 42 44 42 41 48 39 39 42 41 49 41 43 
16 42 45 39 42 44 41 43 49 47 39 41 40 42 47 45 43 0 43 44 46 45 40 41 45 50 46 48 42 46 43 40 43 40 43 40 42 43 43 39 42 48 46 46 47 44 44 41 43 43 40 39 
17 41 47 44 46 39 44 42 45 45 42 42 42 39 42 42 40 43 0 40 41 46 45 44 44 44 42 50 42 46 45 47 46 46 42 44 47 48 42 42 47 46 41 40 50 39 41 41 39 44 42 44 
18 44 43 44 46 39 42 40 47 44 44 44 42 40 40 40 42 44 40 0 41 46 50 48 42 42 44 48 45 45 46 45 45 46 44 46 47 48 41 43 46 43 41 46 44 42 43 41 39 42 47 45 
19 43 46 47 49 40 43 44 51 47 46 45 45 42 40 47 46 46 41 41 0 49 48 47 49 45 42 48 45 49 48 46 52 45 44 47 54 55 42 45 46 40 39 43 51 41 42 44 42 46 45 47 
20 44 41 40 39 46 44 44 45 46 42 44 42 44 49 46 46 45 46 46 49 0 41 40 45 47 47 43 43 41 40 43 42 42 47 42 43 40 46 42 49 51 49 52 47 47 47 43 49 44 47 42 
21 44 46 40 46 46 42 45 47 44 40 42 41 44 48 47 44 40 45 50 48 41 0 42 46 47 48 46 44 47 43 40 44 46 44 39 42 43 44 41 43 50 52 47 53 45 45 43 45 45 41 39 
22 41 43 40 44 45 43 42 42 40 42 44 41 43 46 44 45 41 44 48 47 40 42 0 42 44 49 45 40 40 41 44 40 40 46 43 41 42 44 42 46 49 51 47 44 46 46 41 43 41 43 46 
23 42 42 44 44 47 44 40 39 40 46 47 43 43 48 40 46 45 44 42 49 45 46 42 0 43 42 40 41 43 45 47 42 42 48 47 46 46 45 44 52 47 45 46 40 46 47 42 42 39 46 46 
24 46 43 45 46 43 45 40 40 42 50 47 48 43 46 40 46 50 44 42 45 47 47 44 43 0 40 42 42 45 47 51 44 43 48 52 48 48 45 45 49 46 44 46 40 46 47 43 42 41 46 47 
25 42 44 46 51 41 44 41 42 44 46 46 44 42 40 43 48 46 42 44 42 47 48 49 42 40 0 48 42 46 47 51 46 44 46 47 49 49 43 45 52 44 42 43 42 44 45 46 41 42 45 47 
26 43 41 47 42 45 45 42 44 39 46 47 47 44 46 47 47 48 50 48 48 43 46 45 40 42 48 0 41 41 44 47 40 42 49 50 44 44 46 44 49 49 47 48 42 47 48 43 44 40 50 45 
27 39 39 41 43 42 41 39 41 44 46 44 40 41 44 45 47 42 42 45 45 43 44 40 41 42 42 41 0 42 43 44 42 39 45 44 44 45 42 45 46 50 44 45 43 44 45 39 41 39 42 43 
28 43 41 41 39 46 44 43 42 44 44 46 42 48 48 45 47 46 46 45 49 41 47 40 43 45 46 41 42 0 42 45 39 42 48 45 41 45 46 44 47 51 48 49 45 47 48 43 45 42 49 44 
29 43 45 39 41 46 42 44 46 47 41 43 41 43 52 50 45 43 45 46 48 40 43 41 45 47 47 44 43 42 0 42 47 41 45 40 40 42 44 45 44 50 48 47 48 46 45 46 44 48 42 40 
30 43 44 46 48 48 41 45 47 46 39 39 42 46 51 46 42 40 47 45 46 43 40 44 47 51 51 47 44 45 42 0 50 43 45 39 44 45 42 40 40 48 47 45 49 43 42 43 44 46 40 40 
31 43 41 42 40 46 45 46 45 39 45 47 43 44 47 44 47 43 46 45 52 42 44 40 42 44 46 40 42 39 47 50 0 42 48 46 42 42 46 44 48 50 48 49 44 47 48 43 45 45 45 44 
32 40 39 44 42 42 41 45 43 41 41 43 39 40 45 42 43 40 46 46 45 42 46 40 42 43 44 42 39 42 41 43 42 0 48 42 47 44 42 44 44 47 49 45 44 44 44 39 41 40 41 41 
33 44 45 45 47 47 41 46 49 47 42 40 43 42 46 46 40 43 42 44 44 47 44 46 48 48 46 49 45 48 45 45 48 48 0 43 51 49 41 42 40 45 44 42 54 41 39 44 47 50 41 43 
34 43 43 41 44 45 42 45 47 45 39 40 41 43 48 47 43 40 44 46 47 42 39 43 47 52 47 50 44 45 40 39 46 42 43 0 43 44 43 41 41 53 47 46 49 44 43 43 44 45 40 39 
35 45 43 41 40 51 45 46 46 43 43 46 43 46 50 47 47 42 47 47 54 43 42 41 46 48 49 44 44 41 40 44 42 47 51 43 0 39 47 47 46 52 50 50 48 52 52 48 46 44 48 42 
36 46 43 42 40 49 46 50 46 44 44 50 44 50 51 48 52 43 48 48 55 40 43 42 46 48 49 44 45 45 42 45 42 44 49 44 39 0 48 45 47 57 51 55 48 53 49 46 47 45 46 44 
37 41 43 43 46 44 44 43 46 45 42 41 42 43 43 47 39 43 42 41 42 46 44 44 45 45 43 46 42 46 44 42 46 42 41 43 47 48 0 41 43 43 42 41 47 39 40 41 40 44 41 47 
38 40 41 40 43 42 43 42 45 47 39 40 39 40 45 44 45 39 42 43 45 42 41 42 44 45 45 44 45 44 45 40 44 44 42 41 47 45 41 0 42 47 45 44 47 42 42 40 41 43 39 40 
39 45 46 44 47 45 42 47 53 47 41 40 43 47 47 47 42 42 47 46 46 49 43 46 52 49 52 49 46 47 44 40 48 44 40 41 46 47 43 42 0 51 47 45 51 43 41 44 45 47 41 42 
40 45 48 53 51 42 45 46 48 49 47 46 47 44 41 48 44 48 46 43 40 51 50 49 47 46 44 49 50 51 50 48 50 47 45 53 52 57 43 47 51 0 40 41 48 42 44 45 44 51 46 48 
41 43 46 47 49 40 44 47 46 47 46 45 45 42 39 42 42 46 41 41 39 49 52 51 45 44 42 47 44 48 48 47 48 49 44 47 50 51 42 45 47 40 0 44 46 41 47 43 42 45 45 47 
42 43 46 46 49 44 43 44 47 47 45 43 44 42 42 44 41 46 40 46 43 52 47 47 46 46 43 48 45 49 47 45 49 45 42 46 50 55 41 44 45 41 44 0 52 40 45 43 42 46 44 46 
43 44 44 46 46 45 46 46 40 42 48 53 46 45 45 42 48 47 50 44 51 47 53 44 40 40 42 42 43 45 48 49 44 44 54 49 48 48 47 47 51 48 46 52 0 48 49 48 48 42 52 52 
44 42 44 45 47 44 41 48 47 46 43 42 43 41 42 44 39 44 39 42 41 47 45 46 46 46 44 47 44 47 46 43 47 44 41 44 52 53 39 42 43 42 41 40 48 0 43 46 41 45 42 48 
45 43 45 45 51 42 45 45 48 47 42 44 43 42 44 45 39 44 41 43 42 47 45 46 47 47 45 48 45 48 45 42 48 44 39 43 52 49 40 42 41 44 47 45 49 43 0 43 46 46 41 43 
46 42 40 45 44 41 40 40 43 46 45 42 40 43 43 41 42 41 41 41 44 43 43 41 42 43 46 43 39 43 46 43 43 39 44 43 48 46 41 40 44 45 43 43 48 46 43 0 39 41 41 42 
47 39 42 43 45 39 40 40 44 43 43 43 45 39 45 44 41 43 39 39 42 49 45 43 42 42 41 44 41 45 44 44 45 41 47 44 46 47 40 41 45 44 42 42 48 41 46 39 0 42 42 43 
48 40 40 42 43 43 43 39 40 39 44 45 42 42 44 41 49 43 44 42 46 44 45 41 39 41 42 40 39 42 48 46 45 40 50 45 44 45 44 43 47 51 45 46 42 45 46 41 42 0 44 44 
49 42 42 42 48 43 39 44 46 45 39 39 40 41 49 45 41 40 42 47 45 47 41 43 46 46 45 50 42 49 42 40 45 41 41 40 48 46 41 39 41 46 45 44 52 42 41 41 42 44 0 40 
50 42 42 40 43 48 45 44 46 44 39 41 44 46 47 46 43 39 44 45 47 42 39 46 46 47 47 45 43 44 40 40 44 41 43 39 42 44 47 40 42 48 47 46 52 48 43 42 43 44 40 0 

;param d[*,*]
: 0 1 2 3 4 5 6 7 8 9 10 11 12 13 14 15 16 17 18 19 20 21 22 23 24 25 26 27 28 29 30 31 32 33 34 35 36 37 38 39 40 41 42 43 44 45 46 47 48 49 50:=
0 0.0 0 0 0 0.28 0 0 0 1.36 0 2.63 0 0.13 1.79 0 1.48 0 1.05 0 0 0 1.97 0.33 0.37 0 0.9 0 0.31 1.79 0 0 0.48 0.17 4.31 0.52 2.4 2.65 1.11 0.59 1.49 1.64 0.5 1.91 0.57 0 0.52 0 0 0.59 0 0 
1 0 0.0 0 1.17 0 0 0.27 0 0.68 0 1.33 0 0.78 0 0 0 0 0 0 2.77 0 0 0 1.29 1.13 2.03 1.11 0 0 0 0 0 0 5.32 1.85 0 1.91 1.85 0.3 0.72 3.45 0.73 0 3.2 2.28 0.7 0.51 1.42 0.2 1.6 0.4 
2 0 0 0.0 0 4.69 0.35 0 3.2 0.86 0.99 0 0.17 3.04 0 1.45 3.29 0.49 2.09 0 0.83 1.13 0 1.27 1.29 3.86 0 0 1.17 1.69 0.35 0 0.9 0 4.94 0.33 1.79 0.4 1.21 0.86 0.58 0 0 1.88 0 3.58 5.07 0 2.73 0.4 0.35 0 
3 0 1.17 0 0.0 0.82 0 0 0 1.98 1.21 5.45 0.98 3.58 0 0 4.71 0.9 6.08 4.33 2.5 0.12 0 0 0 0.75 0 2.35 1.66 0.85 1.6 0 0.59 0.86 5.08 1.97 0.39 1.13 1.8 0.48 0.82 0 1.05 3.82 4.42 6.72 0 0 3.86 0 0 2.54 
4 0.28 0 4.69 0.82 0.0 0.78 0 3.48 0.62 3.01 0.52 1.02 1.52 0.25 1.6 0.7 3.29 0.43 0.89 0.55 6.08 2.71 4.81 0 0.47 0.66 5.32 1.48 5.95 5.45 0 5.83 0 0 5.19 0 2.35 0 3.29 5.07 2.35 1.65 0 1.56 0 0.4 0 0.43 1.13 1.72 0 
5 0 0 0.35 0 0.78 0.0 1.54 1.56 3.11 1.13 1.77 0.18 1.14 1.37 1.17 0.23 2.03 0 0.38 0.52 4.05 3.17 3.42 1.41 1.49 0.55 2.46 0 3.48 2.35 2.28 1.52 0.63 2.53 1.29 0.65 4.23 0 0 0.4 5.32 3.01 3.42 1.88 0.7 0 0 0.25 1.79 0.31 0 
6 0 0.27 0 0 0 1.54 0.0 0 0.3 1.33 4.94 0 0.7 0 0.62 0 0 0.4 0.23 0.57 0 0 0 1.04 0 0 0 0 0 2.28 2.59 0 0 5.57 0.7 0 0 1.66 0 3.02 0.73 0 2.28 0 0 2.53 0 0.92 0.49 2.03 2.22 
7 0 0 3.2 0 3.48 1.56 0 0.0 1.32 4.33 5.08 2.03 0 0.65 0 4.71 0 1.6 0 0 3.76 3.02 2.35 0.56 0 0 0 1.17 1.6 0.72 5.08 0 1.66 5.65 0 2.77 4.33 4.05 1.52 0 5.46 0.77 0 0 4.61 2.23 0 3.01 0.68 2.83 1.8 
8 1.36 0.68 0.86 1.98 0.62 3.11 0.3 1.32 0.0 2.16 0.75 0 1.85 0 1.66 0 0 1.52 1.25 2.03 0 0.6 0.74 1.41 0 3.11 0.66 0 0 0 5.57 0.15 1.05 3.33 3.86 1.91 0.53 1.56 0 6.84 1.02 0 0.87 1.02 1.84 4.89 0 3.8 0.55 0.63 2.16 
9 0 0 0.99 1.21 3.01 1.13 1.33 4.33 2.16 0.0 0.47 0 0.35 0 3.86 1.42 0.31 3.29 0.58 2.65 0.42 0 3.29 0.72 0 0.75 5.45 0 1.37 0.99 0 4.94 1.17 2.16 0.15 0 0.62 2.79 0.43 2.41 3.33 1.72 0 0.94 3.55 3.29 0 0.45 0.57 0.37 0.08 
10 2.63 1.33 0 5.45 0.52 1.77 4.94 5.08 0.75 0.47 0.0 0.35 2.79 0 1.72 0.92 0.78 0.94 2.22 4.81 2.28 1.42 4.69 6.33 6.72 2.9 0.87 1.33 5.83 2.54 0.85 1.96 3.55 1.13 0.59 1.68 0 1.79 1.9 1.27 0.8 2.53 1.91 0 1.29 0 0.43 1.09 0.7 0.12 0.99 
11 0 0 0.17 0.98 1.02 0.18 0 2.03 0 0 0.35 0.0 0.55 0 0.5 0 0.62 0.38 2.45 1.56 2.07 0 2.03 1.17 0 0.58 0 0 2.45 0 1.29 1.72 0.23 3.93 1.23 2.73 0 0.82 0 2.92 0.83 0 0 1.68 2.63 3.93 0 0 0 0.55 0 
12 0.13 0.78 3.04 3.58 1.52 1.14 0.7 0 1.85 0.35 2.79 0.55 0.0 0 1.98 1.51 2.07 0.55 1.77 1.6 0.6 3.01 0.45 0 2.82 3.04 2.22 0.99 0 3.93 0 1.45 0 1.6 2.82 2.65 0 0 0.86 0 0.6 2.35 2.26 3.86 0.66 1.42 0 0.76 0 0.28 0 
13 1.79 0 0 0 0.25 1.37 0 0.65 0 0 0 0 0 0.0 1.11 4.05 3.02 0.37 0.23 0.55 2.39 0.99 0.8 0 0 0.22 2.96 2.03 2.19 0 0 3.33 0 1.68 0 1.14 2.82 2.54 0.68 0.9 1.17 0.15 0 2.4 2.45 3.48 0 0 1.41 0 0.87 
14 0 0 1.45 0 1.6 1.17 0.62 0 1.66 3.86 1.72 0.5 1.98 1.11 0.0 4.43 2.46 0.94 0.94 0 0.78 4.71 4.18 0.25 0.62 0 0 0 3.67 0 0 4.56 1.02 5.83 4.61 3.33 5.36 0 0 2.11 0 0 1.29 1.42 3.01 5.19 1.23 0 0 0 1.72 
15 1.48 0 3.29 4.71 0.7 0.23 0 4.71 0 1.42 0.92 0 1.51 4.05 4.43 0.0 1.13 0.43 1.54 0 5.83 0.6 1.6 1.76 1.76 0 6.59 0 1.99 0.63 3.04 0.89 1.85 0.68 3.8 6.72 0 0.27 0 2.16 1.25 3.29 1.51 5.36 0.56 0.76 0.9 2.41 0 1.51 3.67 
16 0 0 0.49 0.9 3.29 2.03 0 0 0 0.31 0.78 0.62 2.07 3.02 2.46 1.13 0.0 3.8 2.16 2.96 0 0.62 0.7 0 0 2.77 0 1.42 0 0 0.92 2.92 0.55 2.92 0.74 1.48 1.17 1.66 0.35 0.43 0 0 0 4.89 0.57 3.11 0.33 1.09 1.85 0.22 0.31 
17 1.05 0 2.09 6.08 0.43 0 0.4 1.6 1.52 3.29 0.94 0.38 0.55 0.37 0.94 0.43 3.8 0.0 1.77 0.66 0.77 0.65 3.48 0 3.2 3.17 0 0 2.83 1.52 0 2.9 0 0.38 1.37 6.72 2.27 0 2.66 0 0 0.7 1.77 0 0.13 0.28 0.63 0.55 0 1.98 4.05 
18 0 0 0 4.33 0.89 0.38 0.23 0 1.25 0.58 2.22 2.45 1.77 0.23 0.94 1.54 2.16 1.77 0.0 0.78 4.42 0 0 2.26 1.29 0 0 0 3.95 2.65 3.86 5.19 0 2.28 1.72 0.9 3.57 0.3 0.47 0.75 1.13 1.05 0 0 2.79 3.93 0 0.75 0 0 1.52 
19 0 2.77 0.83 2.5 0.55 0.52 0.57 0 2.03 2.65 4.81 1.56 1.6 0.55 0 0 2.96 0.66 0.78 0.0 1.04 2.19 0 0 3.67 0.42 0.94 2.34 0 0.95 0 0 0 2.03 0 0 0 0.35 1.49 1.8 0.39 0 0 0 2.15 1.02 0 2.07 1.68 0 0 
20 0 0 1.13 0.12 6.08 4.05 0 3.76 0 0.42 2.28 2.07 0.6 2.39 0.78 5.83 0 0.77 4.42 1.04 0.0 0.99 0 3.86 0.82 4.99 2.92 1.72 0.99 0.39 0 0.86 1.36 3.02 1.54 0 0 4.05 1.54 0 4.5 2.42 0 4.89 1.96 0.85 0.52 0 0 0 0.35 
21 1.97 0 0 0 2.71 3.17 0 3.02 0.6 0 1.42 0 3.01 0.99 4.71 0.6 0.62 0.65 0 2.19 0.99 0.0 0.98 0.8 0 2.15 4.05 1.25 0 0 0 0.6 0 4.43 0.55 1.98 0.45 0.6 1.11 3.42 0 0 0 0 1.6 1.52 1.17 2.34 0.65 0 0.12 
22 0.33 0 1.27 0 4.81 3.42 0 2.35 0.74 3.29 4.69 2.03 0.45 0.8 4.18 1.6 0.7 3.48 0 0 0 0.98 0.0 2.45 0 0 0 0.92 0.17 1.11 4.31 0.8 0.43 1.84 2.82 0.33 0.4 3.39 0.37 1.76 2.46 0 0.85 1.45 1.68 2.9 0 2.82 1.05 0.48 0 
23 0.37 1.29 1.29 0 0 1.41 1.04 0.56 1.41 0.72 6.33 1.17 0 0 0.25 1.76 0 0 2.26 0 3.86 0.8 2.45 0.0 0 0.82 0 1.51 0.47 3.95 4.8 2.26 0.94 0.92 3.14 4.33 0.8 0.63 1.41 0 0 2.46 2.9 0.51 2.71 6.59 2.26 2.45 0.55 4.05 2.71 
24 0 1.13 3.86 0.75 0.47 1.49 0 0 0 0 6.72 0 2.82 0 0.62 1.76 0 3.2 1.29 3.67 0.82 0 0 0 0.0 0 0.94 2.07 3.58 0.83 0 0.55 0.5 2.19 0 5.18 2.23 1.49 3.76 3.88 2.83 0.58 2.65 0.74 0 3.2 2.54 1.6 0 4.33 4.71 
25 0.9 2.03 0 0 0.66 0.55 0 0 3.11 0.75 2.9 0.58 3.04 0.22 0 0 2.77 3.17 0 0.42 4.99 2.15 0 0.82 0 0.0 0 0 0.77 4.8 0 2.65 0 2.96 5.08 2.35 1.07 3.67 0.63 0 1.97 0.35 0 0 1.25 1.64 0 0.3 1.48 3.95 0 
26 0 1.11 0 2.35 5.32 2.46 0 0 0.66 5.45 0.87 0 2.22 2.96 0 6.59 0 0 0 0.94 2.92 4.05 0 0 0.94 0 0.0 0 2.03 3.39 6.46 0.39 0 3.76 0 2.16 0.6 4.33 3.48 5.74 4.0 0 0.97 2.07 6.72 7.48 0.48 4.56 0.22 0 5.32 
27 0.31 0 1.17 1.66 1.48 0 0 1.17 0 0 1.33 0 0.99 2.03 0 0 1.42 0 0 2.34 1.72 1.25 0.92 1.51 2.07 0 0 0.0 1.42 1.72 0 1.36 0 1.6 2.09 0.58 2.4 1.6 0 4.05 0 0 0 0.48 0.55 4.94 0.15 0.99 0.31 0.43 0 
28 1.79 0 1.69 0.85 5.95 3.48 0 1.6 0 1.37 5.83 2.45 0 2.19 3.67 1.99 0 2.83 3.95 0 0.99 0 0.17 0.47 3.58 0.77 2.03 1.42 0.0 2.26 2.59 0.76 0 2.23 0.63 1.17 0 0.77 1.25 2.11 0 0 0 0.63 6.72 5.36 1.85 2.4 0.82 0 3.01 
29 0 0 0.35 1.6 5.45 2.35 2.28 0.72 0 0.99 2.54 0 3.93 0 0 0.63 0 1.52 2.65 0.95 0.39 0 1.11 3.95 0.83 4.8 3.39 1.72 2.26 0.0 0.82 0 0.33 0.65 0.59 1.41 0 0.6 0 0.55 1.12 2.23 0 3.39 0.72 5.32 0 3.39 0 0.86 0.43 
30 0 0 0 0 0 2.28 2.59 5.08 5.57 0 0.85 1.29 0 0 0 3.04 0.92 0 3.86 0 0 0 4.31 4.8 0 0 6.46 0 2.59 0.82 0.0 0 1.06 0 0.23 2.22 2.59 1.6 0.25 1.13 0 0 0.67 0 2.82 0.98 0 2.03 1.68 0 0.17 
31 0.48 0 0.9 0.59 5.83 1.52 0 0 0.15 4.94 1.96 1.72 1.45 3.33 4.56 0.89 2.92 2.9 5.19 0 0.86 0.6 0.8 2.26 0.55 2.65 0.39 1.36 0.76 0 0 0.0 0.38 5.55 0.72 1.54 0.43 0.78 3.2 0.97 4.31 0.97 0 1.97 2.11 2.31 0 3.58 0 0.7 2.28 
32 0.17 0 0 0.86 0 0.63 0 1.66 1.05 1.17 3.55 0.23 0 0 1.02 1.85 0.55 0 0 0 1.36 0 0.43 0.94 0.5 0 0 0 0 0.33 1.06 0.38 0.0 0 0.43 0 0 0 0 4.69 1.99 0 0 3.48 0.53 1.41 0.55 1.17 0.92 0 0 
33 4.31 5.32 4.94 5.08 0 2.53 5.57 5.65 3.33 2.16 1.13 3.93 1.6 1.68 5.83 0.68 2.92 0.38 2.28 2.03 3.02 4.43 1.84 0.92 2.19 2.96 3.76 1.6 2.23 0.65 0 5.55 0 0.0 0.45 0 7.73 2.28 0.42 0.8 5.19 4.56 3.17 0 0.27 0.66 0.53 0 0 0.3 3.55 
34 0.52 1.85 0.33 1.97 5.19 1.29 0.7 0 3.86 0.15 0.59 1.23 2.82 0 4.61 3.8 0.74 1.37 1.72 0 1.54 0.55 2.82 3.14 0 5.08 0 2.09 0.63 0.59 0.23 0.72 0.43 0.45 0.0 0.5 0.6 0.52 0.63 1.69 0 0.89 1.8 3.94 2.16 1.91 1.13 4.56 1.64 0.8 0.37 
35 2.4 0 1.79 0.39 0 0.65 0 2.77 1.91 0 1.68 2.73 2.65 1.14 3.33 6.72 1.48 6.72 0.9 0 0 1.98 0.33 4.33 5.18 2.35 2.16 0.58 1.17 1.41 2.22 1.54 0 0 0.5 0.0 0.37 3.08 0 6.08 4.93 4.25 1.12 5.36 0 0 0 1.88 0.62 0 1.02 
36 2.65 1.91 0.4 1.13 2.35 4.23 0 4.33 0.53 0.62 0 0 0 2.82 5.36 0 1.17 2.27 3.57 0 0 0.45 0.4 0.8 2.23 1.07 0.6 2.4 0 0 2.59 0.43 0 7.73 0.6 0.37 0.0 2.19 3.58 5.08 0 1.24 0 3.57 0 7.98 0 6.72 2.46 4.05 0.53 
37 1.11 1.85 1.21 1.8 0 0 1.66 4.05 1.56 2.79 1.79 0.82 0 2.54 0 0.27 1.66 0 0.3 0.35 4.05 0.6 3.39 0.63 1.49 3.67 4.33 1.6 0.77 0.6 1.6 0.78 0 2.28 0.52 3.08 2.19 0.0 2.28 1.06 1.91 0.86 0.27 0 0.66 1.22 0.66 0.2 2.03 2.15 0 
38 0.59 0.3 0.86 0.48 3.29 0 0 1.52 0 0.43 1.9 0 0.86 0.68 0 0 0.35 2.66 0.47 1.49 1.54 1.11 0.37 1.41 3.76 0.63 3.48 0 1.25 0 0.25 3.2 0 0.42 0.63 0 3.58 2.28 0.0 0.94 3.02 0 2.09 4.61 2.35 3.17 0 1.23 0 0.43 0.43 
39 1.49 0.72 0.58 0.82 5.07 0.4 3.02 0 6.84 2.41 1.27 2.92 0 0.9 2.11 2.16 0.43 0 0.75 1.8 0 3.42 1.76 0 3.88 0 5.74 4.05 2.11 0.55 1.13 0.97 4.69 0.8 1.69 6.08 5.08 1.06 0.94 0.0 0 3.02 4.81 1.2 2.73 2.53 1.41 0.63 6.59 0.28 2.79 
40 1.64 3.45 0 0 2.35 5.32 0.73 5.46 1.02 3.33 0.8 0.83 0.6 1.17 0 1.25 0 0 1.13 0.39 4.5 0 2.46 0 2.83 1.97 4.0 0 0 1.12 0 4.31 1.99 5.19 0 4.93 0 1.91 3.02 0 0.0 0.74 0 2.27 1.02 3.2 2.59 3.01 0 2.96 3.63 
41 0.5 0.73 0 1.05 1.65 3.01 0 0.77 0 1.72 2.53 0 2.35 0.15 0 3.29 0 0.7 1.05 0 2.42 0 0 2.46 0.58 0.35 0 0 0 2.23 0 0.97 0 4.56 0.89 4.25 1.24 0.86 0 3.02 0.74 0.0 0 0.78 1.23 0 0 2.66 1.56 0 0.83 
42 1.91 0 1.88 3.82 0 3.42 2.28 0 0.87 0 1.91 0 2.26 0 1.29 1.51 0 1.77 0 0 0 0 0.85 2.9 2.65 0 0.97 0 0 0 0.67 0 0 3.17 1.8 1.12 0 0.27 2.09 4.81 0 0 0.0 0 0.17 0 1.91 1.36 2.77 1.97 0 
43 0.57 3.2 0 4.42 1.56 1.88 0 0 1.02 0.94 0 1.68 3.86 2.4 1.42 5.36 4.89 0 0 0 4.89 0 1.45 0.51 0.74 0 2.07 0.48 0.63 3.39 0 1.97 3.48 0 3.94 5.36 3.57 0 4.61 1.2 2.27 0.78 0 0.0 0.92 7.98 0 0 1.98 0 0 
44 0 2.28 3.58 6.72 0 0.7 0 4.61 1.84 3.55 1.29 2.63 0.66 2.45 3.01 0.56 0.57 0.13 2.79 2.15 1.96 1.6 1.68 2.71 0 1.25 6.72 0.55 6.72 0.72 2.82 2.11 0.53 0.27 2.16 0 0 0.66 2.35 2.73 1.02 1.23 0.17 0.92 0.0 0 0 1.05 0 2.79 0 
45 0.52 0.7 5.07 0 0.4 0 2.53 2.23 4.89 3.29 0 3.93 1.42 3.48 5.19 0.76 3.11 0.28 3.93 1.02 0.85 1.52 2.9 6.59 3.2 1.64 7.48 4.94 5.36 5.32 0.98 2.31 1.41 0.66 1.91 0 7.98 1.22 3.17 2.53 3.2 0 0 7.98 0 0.0 2.73 0 1.84 2.53 0.52 
46 0 0.51 0 0 0 0 0 0 0 0 0.43 0 0 0 1.23 0.9 0.33 0.63 0 0 0.52 1.17 0 2.26 2.54 0 0.48 0.15 1.85 0 0 0 0.55 0.53 1.13 0 0 0.66 0 1.41 2.59 0 1.91 0 0 2.73 0.0 0.55 0.66 0.74 0.4 
47 0 1.42 2.73 3.86 0.43 0.25 0.92 3.01 3.8 0.45 1.09 0 0.76 0 0 2.41 1.09 0.55 0.75 2.07 0 2.34 2.82 2.45 1.6 0.3 4.56 0.99 2.4 3.39 2.03 3.58 1.17 0 4.56 1.88 6.72 0.2 1.23 0.63 3.01 2.66 1.36 0 1.05 0 0.55 0.0 0 2.91 2.92 
48 0.59 0.2 0.4 0 1.13 1.79 0.49 0.68 0.55 0.57 0.7 0 0 1.41 0 0 1.85 0 0 1.68 0 0.65 1.05 0.55 0 1.48 0.22 0.31 0.82 0 1.68 0 0.92 0 1.64 0.62 2.46 2.03 0 6.59 0 1.56 2.77 1.98 0 1.84 0.66 0 0.0 0.58 2.16 
49 0 1.6 0.35 0 1.72 0.31 2.03 2.83 0.63 0.37 0.12 0.55 0.28 0 0 1.51 0.22 1.98 0 0 0 0 0.48 4.05 4.33 3.95 0 0.43 0 0.86 0 0.7 0 0.3 0.8 0 4.05 2.15 0.43 0.28 2.96 0 1.97 0 2.79 2.53 0.74 2.91 0.58 0.0 0.74 
50 0 0.4 0 2.54 0 0 2.22 1.8 2.16 0.08 0.99 0 0 0.87 1.72 3.67 0.31 4.05 1.52 0 0.35 0.12 0 2.71 4.71 0 5.32 0 3.01 0.43 0.17 2.28 0 3.55 0.37 1.02 0.53 0 0.43 2.79 3.63 0.83 0 0 0 0.52 0.4 2.92 2.16 0.74 0.0 

;