set O:= 0;
set N:= 1 2 3 4 5 6 7 8 9 10 11 12 13 14 15 16 17 18 19 20 21 22 23 24 25 26 27 28 29 30 31 32 33 34 35 36 37 38 39 40 41 42 43 44 45 46 47 48 49 50 51 52 53 54;
set K:= 1 2 3 4 5 6 7 8 9 10;
param V:= 10;
param cp:= 115;
param dm:= 2.0;
param o:=
0 0
1 18
2 26
3 11
4 30
5 21
6 19
7 15
8 16
9 29
10 26
11 37
12 16
13 12
14 31
15 8
16 19
17 20
18 13
19 15
20 22
21 28
22 12
23 6
24 27
25 14
26 18
27 17
28 29
29 13
30 22
31 25
32 28
33 27
34 19
35 10
36 12
37 14
38 24
39 16
40 33
41 15
42 11
43 18
44 17
45 21
46 27
47 19
48 20
49 5
50 22
51 12
52 19
53 22
54 16
;
param c[*,*]
: 0 1 2 3 4 5 6 7 8 9 10 11 12 13 14 15 16 17 18 19 20 21 22 23 24 25 26 27 28 29 30 31 32 33 34 35 36 37 38 39 40 41 42 43 44 45 46 47 48 49 50 51 52 53 54:=
0 0 6 3 4 5 7 2 3 3331 6 29 10 5 7944 7 5995 5 1776 8 6 10 5995 13 9 7 29 1 23 5329 4 4 16 10 3775 7 3997 7328 7106 29 6 12 16 7994 9 5 6 4 6 18 7 7 3 6 4885 24 
1 6 0 6 8305 12 15 7 14 14443 17 16 15 28 15 19 18 5 5 14 16971 20 8 3 17 18 15165 6661 16 6 11 8 22 14 2889 11915 17 12277 13721 28 15 6439 8 5 2166 9388 12 51 10110 19 6499 25 16 12638 22 22 
2 3 6 0 5 4333 6 2 9749 12 9493 11 24 5551 10 29 29 3997 8 12 25 8935 4 5777 18 7328 13 4 7222 9 14 2 17 8 3611 14 10832 8 9 11448 11 5 11 35 8 23 5055 8 19 6 12 11 3 8 16 49 
3 4 8305 5 0 10 12 4 6 7550 6 7818 22 13 17 9 51 4 2665 3553 18 19 9 12 8 4 4 4441 12638 7106 7994 6 14 7 23 42 15 13402 17 12 4 2 13 45 9388 666 12 14 46 10 2 2665 4 11915 10 10214 
4 5 12 4333 10 0 8 5 5416 6 43 12 14 6499 7 39 9 35 11 14804 9 10471 16 10471 12 17 18 3972 3611 7583 3972 3 15526 12 7 2528 6 12 9 11193 10471 30 13360 13 24 10 3 4 14 20 24 13 5777 3 17 9 
5 7 15 6 12 8 0 5773 17 28 54 13402 14 7994 7 13 2 10331 7 18 9 3350 3630 10471 32 30 18 13 6 22 7 3630 21 51 10832 14 9 11 2 13 15 8660 62 14443 28 15 4 9 2 1954 16 15 9 8 13 6701 
6 2 7 2 4 5 5773 0 6 11 22 8935 11 15 12 8216 7 3 4 14 14 9 6 5 4885 7 8 4 10 5 4441 2665 9 5 1776 13 7 7 7328 12 12 7 6 5773 5 4 12 8 5551 4219 4663 6217 1332 8 14 8 
7 3 14 9749 6 5416 17 6 0 2528 9027 20 17 4 9 5 7818 7 8 15 4 10889 53 15887 15887 11 14 2 23 53 11 9027 12 40 45 4 7 11168 10051 9 8 4441 23 20 18 6439 9 3 9772 42 35 25 5107 17 12 6860 
8 3331 14443 12 7550 6 28 11 2528 0 23 8 6 9 5 9 6 8 6 21 10 9 13 31 16971 12 61 12 4 13 7 7944 16 11915 24 10 7 12 10 6 10471 11 23 36 33 9 22 2 8376 9027 11 30 5773 2528 4 9 
9 6 17 9493 6 43 54 22 9027 23 0 5 10 3 16 12999 28 20 3553 6 13360 21 17 16609 15 5 3 4219 14 15 11727 13 4747 1954 43 22 12 20 15356 6143 1117 1998 64 18 19 2665 13360 11 16 24 5551 6 9 14 42 18 
10 29 16 11 7818 12 13402 8935 20 8 5 0 5 4188 14 8 26 12 8 18 7818 32 30 15077 13123 11168 13 6 16 13960 46 45 5 6143 44 12 7 16 60 1954 3071 6 31 32 15 15 13 10 18 14 12 15 8097 45 4747 40 
11 10 15 24 22 14 14 11 17 6 10 5 0 8 14 3 11 12285 9 12844 20 14519 16 16473 32 15 13 6 14 58 12 11168 15 39 12844 9027 4188 17 17 3 28 16 22 22 34 42 12638 10 14 14 56 11 10051 19 2 7 
12 5 28 5551 13 6499 7994 15 4 9 3 4188 8 0 11 24 34 18 3 5773 12 12 35 10 8 6439 4885 3 9388 8 6661 6 7 4 10 26 9 10 10 11 2 1 36 37 8216 4 18 6 8660 8 6 4 6 9 4441 7328 
13 7944 15 10 17 7 7 12 9 5 16 14 14 11 0 7944 3972 14804 12 41 19 15 20 30 18 20 38 8305 2528 48 5 8 18415 17 16 6 7 19 29 25 16 12638 38 23 69 62 19 5 8 27 18 37 13 3 9 2528 
14 7 19 29 9 39 13 8216 5 9 12999 8 3 24 7944 0 9214 41 9 19137 3 15 16971 20220 26 50 16 5 9 71 12 14 12999 58 16248 7222 13 13123 12 5 14 7 29 91 85 36 10471 6499 12 17 13 34 10 14 5 5777 
15 5995 18 29 51 9 2 7 7818 6 28 26 11 34 3972 9214 0 15 10 34 7 2792 7 17 37 32 17 6661 4 10 3 5305 19 13681 26 7222 7259 4 3 12 54 11 18054 69 16609 52 4694 30 4188 4 57 15636 16 12 12 5 
16 5 5 3997 4 35 10331 3 7 8 20 12 12285 18 14804 41 15 0 3109 20 9326 14 7106 10 5 3 25 5 12277 5 7 5329 36 15 12 10471 32 23 25 44 6 4 8 10 6138 3 42 22 12 6661 4 4441 7 11915 35 10 
17 1776 5 8 2665 11 7 4 8 6 3553 8 9 3 12 9 10 3109 0 5773 8 11 8 28 7 5773 5551 2 10 12 7 4 14 3 4 8 4885 11 9 7259 4 1 9 7550 7 3 9 26 15 7 19 4663 2 15 22 30 
18 8 14 12 3553 14804 18 14 15 21 6 18 12844 5773 41 19137 34 20 5773 0 77 19545 15 17 10110 12 3 7 18 52 58 12564 8097 4 22 32 21 71 20 14 7 19 14082 15 15 3109 17332 18 64 18 4 3 23 22 33 21303 
19 6 16971 25 18 9 9 14 4 10 13360 7818 20 12 19 3 7 9326 8 77 0 12 56 20 19 12213 34 9 5416 16 17 12 15 16 29 6 3 11 10 26 15 28 23 21 19 9104 9 5 39 43 12 19 8 5 16 6 
20 10 20 8935 19 10471 3350 9 10889 9 21 32 14519 12 15 15 2792 14 11 19545 12 0 25 16 20220 23 19545 8882 7944 35 10 8 40 16194 30 43 10 4 7 61 16 44 39 18 18054 20 9 22 4 7 16 23 11 9 12285 9 
21 5995 8 4 9 16 3630 6 53 13 17 30 16 35 20 16971 7 7106 8 15 56 25 0 8 16 12 32 29 33 2 3 3 20 13 8666 9749 13721 3 5 14798 13681 10 12 12 10 11 8 42 3 4 11 28 6661 9 32 14 
22 13 3 5777 12 10471 10471 5 15887 31 16609 15077 16473 10 30 20220 17 10 28 17 20 16 8 0 7583 14 18 8 12638 4 21 7583 45 58 7 52 21 13 49 18 21 33 5 8 8 16 21 17 35 8305 11 16 23 13 38 18 
23 9 17 18 8 12 32 4885 15887 16971 15 13123 32 8 18 26 37 5 7 10110 19 20220 16 7583 0 5 26 8 15887 12 14804 11554 18776 19 6 58 17693 21 23 29 13 7 16 20 7 32 14082 15165 14804 53 3611 40 4663 64 18776 26 
24 7 18 7328 4 17 30 7 11 12 5 11168 15 6439 20 50 32 3 5773 12 12213 23 12 14 5 0 6 15 17332 8438 13 9 11 5 10 16 10658 32 33 12844 12 21 12 43 36 3 32 15887 57 11 1554 3331 10 16971 14 15 
25 29 15165 13 4 18 18 8 14 61 3 13 13 4885 38 16 17 25 5551 3 34 19545 32 18 26 6 0 7 19 16 14240 13 10 4 26 14443 29 23 18149 10 4 4219 34 20 18 4 21 14 18 14798 5773 2 24 16248 27 40 
26 1 6661 4 4441 3972 13 4 2 12 4219 6 6 3 8305 5 6661 5 2 7 9 8882 29 8 8 15 7 0 8 6661 20 4441 9 5 10 4 12 11 32 22 15 2443 11 18 7994 4441 6499 7 7106 11 7 5995 3 11 15 5773 
27 23 16 7222 12638 3611 6 10 23 4 14 16 14 9388 2528 9 4 12277 10 18 5416 7944 33 12638 15887 17332 19 8 0 9388 2889 6 17332 17 13 2528 12 8666 6860 12 52 10 18 18 19 26 2166 6 6860 20 31 20 12 1 8305 19 
28 5329 6 9 7106 7583 22 5 53 13 15 13960 58 8 48 71 10 5 12 52 16 35 2 4 12 8438 16 6661 9388 0 17 5 16752 12 7 11 56 5 8 18 15 8 9 8 9 7550 29 10832 8 12 7 49 5107 10471 20 14 
29 4 11 14 7994 3972 7 4441 11 7 11727 46 12 6661 5 12 3 7 7 58 17 10 3 21 14804 13 14240 20 2889 17 0 8 15 22 10 20 8666 5 4 11 12 14 59 17 52 9 1444 6 12 1 36 52 23 4333 14 30 
30 4 8 2 6 3 3630 2665 9027 7944 13 45 11168 6 8 14 5305 5329 4 12564 12 8 3 7583 11554 9 13 4441 6 5 8 0 14 38 6 22 38 21 11 22 40 7 13 22 11 28 4 7 7 6 9 23 5 12 24 20 
31 16 22 17 14 15526 21 9 12 16 4747 5 15 7 18415 12999 19 36 14 8097 15 40 20 45 18776 11 10 9 17332 16752 15 14 0 13 68 16 51 24 21 20 5 5773 44 29 84 8 22 16 70 16 10 14 8 64 10832 18 
32 10 14 8 7 12 51 5 40 11915 1954 6143 39 4 17 58 13681 15 3 4 16 16194 13 58 19 5 4 5 17 12 22 38 13 0 9 22 12 16 18 8 2792 7 13 18 12277 2 16 11193 13123 11448 4 2 4 25 24 66 
33 3775 2889 3611 23 7 10832 1776 45 24 43 44 12844 10 16 16248 26 12 4 22 29 30 8666 7 6 10 26 10 13 7 10 6 68 9 0 10 13 11915 12999 13 22 4663 6499 6499 5 8 35 11 10 8 6 10471 2 10 58 15 
34 7 11915 14 42 2528 14 13 4 10 22 12 9027 26 6 7222 7222 10471 8 32 6 43 9749 52 58 16 14443 4 2528 11 20 22 16 22 10 0 5 14 10 38 40 8 32 62 56 22 7 3 9027 27 13721 13721 30 2 6138 7 
35 3997 17 10832 15 6 9 7 7 7 12 7 4188 9 7 13 7259 32 4885 21 3 10 13721 21 17693 10658 29 12 12 56 8666 38 51 12 13 5 0 45 20 5 9388 22 78 24 17693 8 7 3 12 21 10 29 6 5 5 5416 
36 7328 12277 8 13402 12 11 7 11168 12 20 16 17 10 19 13123 4 23 11 71 11 4 3 13 21 32 23 11 8666 5 5 21 24 16 11915 14 45 0 2 15636 61 10 19 14 56 14 7222 13 1675 3350 13960 21 34 13 26 37 
37 7106 13721 9 17 9 2 7328 10051 10 15356 60 17 10 29 12 3 25 9 20 10 7 5 49 23 33 18149 32 6860 8 4 11 21 18 12999 10 20 2 0 14519 19 20 22 18 18 57 26 40 3 3630 14798 17 11 33 13 7259 
38 29 28 11448 12 11193 13 12 9 6 6143 1954 3 11 25 5 12 44 7259 14 26 61 14798 18 29 12844 10 22 12 18 11 22 20 8 13 38 5 15636 14519 0 6 6422 19 17032 15636 35 12999 11 28 14 12285 37 8935 20 3350 11 
39 6 15 11 4 10471 15 12 8 10471 1117 3071 28 2 16 14 54 6 4 7 15 16 13681 21 13 12 4 15 52 15 12 40 5 2792 22 40 9388 61 19 6 0 2 33 17332 17 13 12999 12 15 11727 7 4188 19 11554 18 15 
40 12 6439 5 2 30 8660 7 4441 11 1998 6 16 1 12638 7 11 4 1 19 28 44 10 33 7 21 4219 2443 10 8 14 7 5773 7 4663 8 22 10 20 6422 2 0 8216 11 15 2 40 7944 36 8 4663 3553 2443 10 6 9 
41 16 8 11 13 13360 62 6 23 23 64 31 22 36 38 29 18054 8 9 14082 23 39 12 5 16 12 34 11 18 9 59 13 44 13 6499 32 78 19 22 19 33 8216 0 1 2 23 14 18 13721 52 9 28 12 33 21 87 
42 7994 5 35 45 13 14443 5773 20 36 18 32 22 37 23 91 69 10 7550 15 21 18 12 8 20 43 20 18 18 8 17 22 29 18 6499 62 24 14 18 17032 17332 11 1 0 2 14 14 16248 25 11915 8666 17 6217 16248 23 21 
43 9 2166 8 9388 24 28 5 18 33 19 15 34 8216 69 85 16609 6138 7 15 19 18054 10 8 7 36 18 7994 19 9 52 11 84 12277 5 56 17693 56 18 15636 17 15 2 2 0 13 12638 15 12 11554 7 13 5107 17 39 25 
44 5 9388 23 666 10 15 4 6439 9 2665 15 42 4 62 36 52 3 3 3109 9104 20 11 16 32 3 4 4441 26 7550 9 28 8 2 8 22 8 14 57 35 13 2 23 14 13 0 12 11 24 11 2887 2 2665 14 8 10214 
45 6 12 5055 12 3 4 12 9 22 13360 13 12638 18 19 10471 4694 42 9 17332 9 9 8 21 14082 32 21 6499 2166 29 1444 4 22 16 35 7 7 7222 26 12999 12999 40 14 14 12638 12 0 17 5 4 13721 17 10 3 39 8 
46 4 51 8 14 4 9 8 3 2 11 10 10 6 5 6499 30 22 26 18 5 22 42 17 15165 15887 14 7 6 10832 6 7 16 11193 11 3 3 13 40 11 12 7944 18 16248 15 11 17 0 9749 30 56 27 7944 7 7 12 
47 6 10110 19 46 14 2 5551 9772 8376 16 18 14 8660 8 12 4188 12 15 64 39 4 3 35 14804 57 18 7106 6860 8 12 7 70 13123 10 9027 12 1675 3 28 15 36 13721 25 12 24 5 9749 0 2 12285 59 6883 8 12 8655 
48 18 19 6 10 20 1954 4219 42 9027 24 14 14 8 27 17 4 6661 7 18 43 7 4 8305 53 11 14798 11 20 12 1 6 16 11448 8 27 21 3350 3630 14 11727 8 52 11915 11554 11 4 30 2 0 17 13402 5773 8 12999 10 
49 7 6499 12 2 24 16 4663 35 11 5551 12 56 6 18 13 57 4 19 4 12 16 11 11 3611 1554 5773 7 31 7 36 9 10 4 6 13721 10 13960 14798 12285 7 4663 9 8666 7 2887 13721 56 12285 17 0 3997 3775 30 10436 14 
50 7 25 11 2665 13 15 6217 25 30 6 15 11 4 37 34 15636 4441 4663 3 19 23 28 16 40 3331 2 5995 20 49 52 23 14 2 10471 13721 29 21 17 37 4188 3553 28 17 13 2 17 27 59 13402 3997 0 20 15 18 19 
51 3 16 3 4 5777 9 1332 5107 5773 9 8097 10051 6 13 10 16 7 2 23 8 11 6661 23 4663 10 24 3 12 5107 23 5 8 4 2 30 6 34 11 8935 19 2443 12 6217 5107 2665 10 7944 6883 5773 3775 20 0 18 9 17 
52 6 12638 8 11915 3 8 8 17 2528 14 45 19 9 3 14 12 11915 15 22 5 9 9 13 64 16971 16248 11 1 10471 4333 12 64 25 10 2 5 13 33 20 11554 10 33 16248 17 14 3 7 8 8 30 15 18 0 6860 9 
53 4885 22 16 10 17 13 14 12 4 42 4747 2 4441 9 5 12 35 22 33 16 12285 32 38 18776 14 27 15 8305 20 14 24 10832 24 58 6138 5 26 13 3350 18 6 21 23 39 8 39 7 12 12999 10436 18 9 6860 0 14 
54 24 22 49 10214 9 6701 8 6860 9 18 40 7 7328 2528 5777 5 10 30 21303 6 9 14 18 26 15 40 5773 19 14 30 20 18 66 15 7 5416 37 7259 11 15 9 87 21 25 10214 8 12 8655 10 14 19 17 9 14 0 

;param cto[*,*]
: 0 1 2 3 4 5 6 7 8 9 10 11 12 13 14 15 16 17 18 19 20 21 22 23 24 25 26 27 28 29 30 31 32 33 34 35 36 37 38 39 40 41 42 43 44 45 46 47 48 49 50 51 52 53 54:=
0 0 46 44 45 39 42 43 44 40 42 42 43 40 42 43 43 41 39 48 42 44 43 43 43 48 44 39 41 42 41 40 44 42 41 40 41 44 44 42 42 40 44 44 43 41 40 44 42 41 43 43 40 40 42 43 
1 46 0 40 42 42 44 41 49 45 44 46 51 43 49 51 45 44 46 44 46 46 46 43 40 42 45 43 44 40 47 42 47 43 39 44 46 44 45 47 45 43 40 40 39 42 43 44 43 42 41 44 41 44 46 46 
2 44 40 0 46 40 41 43 43 42 44 49 46 42 46 45 42 41 41 45 44 44 40 41 42 44 45 45 41 40 41 43 47 47 40 41 43 42 42 45 44 46 42 42 42 42 40 45 41 40 42 44 40 45 44 44 
3 45 42 46 0 42 49 41 47 44 40 43 45 40 45 49 46 39 40 41 45 47 49 47 41 40 45 41 44 44 44 47 44 39 41 43 44 46 47 44 41 40 43 43 42 38 47 43 45 44 44 40 40 44 44 46 
4 39 42 40 42 0 41 40 40 40 43 43 43 41 41 43 41 42 40 45 42 43 42 43 48 45 45 40 40 42 40 43 46 43 45 39 45 42 46 43 43 42 44 48 44 46 39 39 41 40 44 48 41 43 42 42 
5 42 44 41 49 41 0 42 43 42 46 46 46 44 41 44 39 44 47 48 43 40 40 43 46 47 48 43 40 41 39 40 49 46 43 41 43 40 43 50 46 45 46 45 45 46 44 42 39 39 46 51 44 41 44 42 
6 43 41 43 41 40 42 0 42 42 42 44 48 41 43 44 47 40 40 44 44 45 42 42 42 43 44 40 42 41 41 40 49 45 39 41 43 47 44 44 42 41 46 42 46 45 41 41 42 41 42 43 39 42 43 44 
7 44 49 43 47 40 43 42 0 39 42 41 40 40 41 40 43 47 41 49 44 45 44 46 46 46 44 43 41 44 42 42 47 43 43 40 39 45 44 41 46 41 47 47 46 43 41 39 44 43 45 44 42 40 39 41 
8 40 45 42 44 40 42 42 39 0 44 42 45 41 40 40 46 48 42 46 39 47 44 46 46 46 45 40 44 48 45 42 45 44 44 39 39 44 43 46 43 42 47 47 46 44 40 42 43 42 46 45 42 39 44 40 
9 42 44 44 40 43 46 42 42 44 0 40 43 40 49 44 47 42 41 41 44 49 47 46 44 46 40 41 48 46 45 44 41 39 43 43 43 48 48 42 38 39 46 46 45 40 44 47 47 46 42 40 41 44 43 46 
10 42 46 49 43 43 46 44 41 42 40 0 40 40 48 42 46 44 42 44 43 48 47 47 46 45 42 41 44 47 45 45 40 42 45 43 42 52 47 39 40 41 48 48 51 42 48 42 47 46 45 42 43 43 41 44 
11 43 51 46 45 43 46 48 40 45 43 40 0 42 43 40 49 46 43 46 41 47 47 48 48 51 45 46 43 47 45 45 42 44 46 42 40 48 47 39 42 43 49 49 49 45 44 42 51 46 47 49 44 43 39 46 
12 40 43 42 40 41 44 41 40 41 40 40 42 0 47 43 45 41 39 42 43 46 45 45 44 43 42 39 42 48 43 46 42 40 42 41 41 50 49 41 43 39 45 45 44 40 42 45 45 44 42 45 40 42 41 44 
13 42 49 46 45 41 41 43 41 40 49 48 43 47 0 42 40 45 43 48 40 42 43 45 51 51 47 42 39 44 44 45 47 46 44 40 41 42 41 44 45 44 47 47 46 46 40 40 46 41 51 47 44 39 42 39 
14 43 51 45 49 43 44 44 40 40 44 42 40 43 42 0 44 46 43 47 43 46 46 48 48 48 50 46 46 47 47 44 44 45 46 41 39 46 49 41 44 47 49 49 48 45 43 41 49 45 47 46 44 41 39 41 
15 43 45 42 46 41 39 47 43 46 47 46 49 45 40 44 0 45 44 49 46 40 42 44 47 48 52 43 44 43 40 41 49 47 44 41 42 44 39 49 46 45 47 46 46 46 40 42 40 44 47 48 44 41 44 41 
16 41 44 41 39 42 44 40 47 48 42 44 46 41 45 46 45 0 40 42 45 51 44 42 40 44 43 46 44 46 47 42 45 41 39 43 44 45 46 45 42 41 42 42 41 40 43 43 44 43 39 41 39 44 45 50 
17 39 46 41 40 40 47 40 41 42 41 42 43 39 43 43 44 40 0 42 43 46 44 43 43 42 42 43 42 43 42 45 44 44 41 41 42 45 49 42 44 43 44 44 47 40 42 41 44 43 42 42 39 42 42 44 
18 48 44 45 41 45 48 44 49 46 41 44 46 42 48 47 49 42 42 0 47 50 51 50 43 40 44 48 51 46 47 46 43 44 43 46 46 49 49 45 42 42 45 49 44 40 46 46 48 47 45 39 42 46 46 48 
19 42 46 44 45 42 43 44 44 39 44 43 41 43 40 43 46 45 43 47 0 44 45 47 51 48 46 42 40 45 42 43 49 45 45 40 43 48 44 42 44 44 48 52 51 45 42 40 44 43 47 46 44 40 40 39 
20 44 46 44 47 43 40 45 45 47 49 48 47 46 42 46 40 51 46 50 44 0 42 45 48 49 50 45 42 43 41 42 51 48 45 43 48 40 39 48 52 47 47 51 47 48 42 43 44 41 52 50 46 46 46 43 
21 43 46 40 49 42 40 42 44 44 47 47 47 45 43 46 42 44 44 51 45 42 0 41 44 46 48 44 42 43 44 40 49 50 42 43 45 40 41 47 47 45 47 43 47 45 41 43 39 39 45 47 43 46 46 44 
22 43 43 41 47 43 43 42 46 46 46 47 48 45 45 48 44 42 43 50 47 45 41 0 42 44 51 48 44 39 43 42 49 45 41 44 46 43 44 48 46 44 44 40 40 44 43 45 42 42 43 49 42 48 47 50 
23 43 40 42 41 48 46 42 46 46 44 46 48 44 51 48 47 40 43 43 51 48 44 42 0 44 44 44 46 42 45 44 47 43 40 45 47 46 47 47 48 43 40 40 40 42 45 45 45 44 40 43 42 46 47 48 
24 48 42 44 40 45 47 43 46 46 46 45 51 43 51 48 48 44 42 40 48 49 46 44 44 0 42 44 46 45 46 49 45 41 42 49 46 48 48 46 43 42 42 43 42 40 46 46 47 46 39 40 42 46 47 49 
25 44 45 45 45 45 48 44 44 45 40 42 45 42 47 50 52 43 42 44 46 50 48 51 44 42 0 47 46 47 47 50 41 40 44 45 45 49 49 43 44 41 46 47 46 41 46 49 48 47 42 39 43 46 45 48 
26 39 43 45 41 40 43 40 43 40 41 41 46 39 42 46 43 46 43 48 42 45 44 48 44 44 47 0 41 43 42 41 43 41 42 43 40 45 44 41 41 40 45 45 44 41 41 40 44 42 47 43 40 40 41 42 
27 41 44 41 44 40 40 42 41 44 48 44 43 42 39 46 44 44 42 51 40 42 42 44 46 46 46 41 0 42 39 40 46 45 43 39 41 42 41 47 44 47 46 46 45 44 39 39 41 40 46 46 42 42 42 40 
28 42 40 40 44 42 41 41 44 48 46 47 47 48 44 47 43 46 43 46 45 43 43 39 42 45 47 43 42 0 41 40 49 45 40 43 45 45 42 47 46 44 42 41 41 44 41 43 40 40 47 46 42 43 46 49 
29 41 47 41 44 40 39 41 42 45 45 45 45 43 44 47 40 47 42 47 42 41 44 43 45 46 47 42 39 41 0 39 51 45 42 40 42 41 40 49 45 44 45 45 44 45 38 44 40 43 45 46 42 40 43 42 
30 40 42 43 47 43 40 40 42 42 44 45 45 46 45 44 41 42 45 46 43 42 40 42 44 49 50 41 40 40 39 0 51 44 45 40 42 41 41 45 44 43 44 43 43 43 39 41 40 39 44 45 41 41 44 43 
31 44 47 47 44 46 49 49 47 45 41 40 42 42 47 44 49 45 44 43 49 51 49 49 47 45 41 43 46 49 51 51 0 42 46 45 44 50 50 41 41 42 49 49 48 43 47 45 49 52 45 42 48 46 43 51 
32 42 43 47 39 43 46 45 43 44 39 42 44 40 46 45 47 41 44 44 45 48 50 45 43 41 40 41 45 45 45 44 42 0 46 43 48 47 47 47 40 39 48 45 44 39 44 43 46 45 41 39 40 44 44 46 
33 41 39 40 41 45 43 39 43 44 43 45 46 42 44 46 44 39 41 43 45 45 42 41 40 42 44 42 43 40 42 45 46 46 0 42 48 44 44 45 43 42 41 41 44 41 42 43 46 46 41 43 40 47 45 49 
34 40 44 41 43 39 41 41 40 39 43 43 42 41 40 41 41 43 41 46 40 43 43 44 45 49 45 43 39 43 40 40 45 43 42 0 40 43 42 42 43 46 46 46 45 43 40 38 42 41 45 45 42 38 41 41 
35 41 46 43 44 45 43 43 39 39 43 42 40 41 41 39 42 44 42 46 43 48 45 46 47 46 45 40 41 45 42 42 44 48 48 40 0 45 44 45 42 42 47 47 47 48 45 43 44 43 49 45 47 40 39 40 
36 44 44 42 46 42 40 47 45 44 48 52 48 50 42 46 44 45 45 49 48 40 40 43 46 48 49 45 42 45 41 41 50 47 44 43 45 0 39 48 48 50 45 49 45 51 41 44 39 40 47 49 45 43 46 44 
37 44 45 42 47 46 43 44 44 43 48 47 47 49 41 49 39 46 49 49 44 39 41 44 47 48 49 44 41 42 40 41 50 47 44 42 44 39 0 47 47 46 46 46 46 47 41 43 40 40 47 52 45 42 45 42 
38 42 47 45 44 43 50 44 41 46 42 39 39 41 44 41 49 45 42 45 42 48 47 48 47 46 43 41 47 47 49 45 41 47 45 42 45 48 47 0 41 42 49 49 48 43 44 42 47 46 46 44 44 43 40 44 
39 42 45 44 41 43 46 42 46 43 38 40 42 43 45 44 46 42 44 42 44 52 47 46 48 43 44 41 44 46 45 44 41 40 43 43 42 48 47 41 0 43 46 46 46 40 44 43 47 45 43 40 42 44 42 49 
40 40 43 46 40 42 45 41 41 42 39 41 43 39 44 47 45 41 43 42 44 47 45 44 43 42 41 40 47 44 44 43 42 39 42 46 42 50 46 42 43 0 44 45 44 39 43 42 45 48 42 41 40 42 42 45 
41 44 40 42 43 44 46 46 47 47 46 48 49 45 47 49 47 42 44 45 48 47 47 44 40 42 46 45 46 42 45 44 49 48 41 46 47 45 46 49 46 44 0 42 38 44 49 46 45 44 42 45 43 46 52 49 
42 44 40 42 43 48 45 42 47 47 46 48 49 45 47 49 46 42 44 49 52 51 43 40 40 43 47 45 46 41 45 43 49 45 41 46 47 49 46 49 46 45 42 0 42 44 48 46 44 44 42 45 43 46 48 52 
43 43 39 42 42 44 45 46 46 46 45 51 49 44 46 48 46 41 47 44 51 47 47 40 40 42 46 44 45 41 44 43 48 44 44 45 47 45 46 48 46 44 38 42 0 43 44 49 48 44 45 48 42 45 47 48 
44 41 42 42 38 46 46 45 43 44 40 42 45 40 46 45 46 40 40 40 45 48 45 44 42 40 41 41 44 44 45 43 43 39 41 43 48 51 47 43 40 39 44 44 43 0 48 47 46 45 40 43 40 44 48 46 
45 40 43 40 47 39 44 41 41 40 44 48 44 42 40 43 40 43 42 46 42 42 41 43 45 46 46 41 39 41 38 39 47 44 42 40 45 41 41 44 44 43 49 48 44 48 0 40 44 39 45 46 42 39 43 41 
46 44 44 45 43 39 42 41 39 42 47 42 42 45 40 41 42 43 41 46 40 43 43 45 45 46 49 40 39 43 44 41 45 43 43 38 43 44 43 42 43 42 46 46 49 47 40 0 43 42 45 45 42 39 40 41 
47 42 43 41 45 41 39 42 44 43 47 47 51 45 46 49 40 44 44 48 44 44 39 42 45 47 48 44 41 40 40 40 49 46 46 42 44 39 40 47 47 45 45 44 48 46 44 43 0 39 46 47 43 46 49 43 
48 41 42 40 44 40 39 41 43 42 46 46 46 44 41 45 44 43 43 47 43 41 39 42 44 46 47 42 40 40 43 39 52 45 46 41 43 40 40 46 45 48 44 44 44 45 39 42 39 0 45 46 42 41 44 46 
49 43 41 42 44 44 46 42 45 46 42 45 47 42 51 47 47 39 42 45 47 52 45 43 40 39 42 47 46 47 45 44 45 41 41 45 49 47 47 46 43 42 42 42 45 40 45 45 46 45 0 41 41 45 46 48 
50 43 44 44 40 48 51 43 44 45 40 42 49 45 47 46 48 41 42 39 46 50 47 49 43 40 39 43 46 46 46 45 42 39 43 45 45 49 52 44 40 41 45 45 48 43 46 45 47 46 41 0 42 49 45 51 
51 40 41 40 40 41 44 39 42 42 41 43 44 40 44 44 44 39 39 42 44 46 43 42 42 42 43 40 42 42 42 41 48 40 40 42 47 45 45 44 42 40 43 43 42 40 42 42 43 42 41 42 0 42 43 45 
52 40 44 45 44 43 41 42 40 39 44 43 43 42 39 41 41 44 42 46 40 46 46 48 46 46 46 40 42 43 40 41 46 44 47 38 40 43 42 43 44 42 46 46 45 44 39 39 46 41 45 49 42 0 41 40 
53 42 46 44 44 42 44 43 39 44 43 41 39 41 42 39 44 45 42 46 40 46 46 47 47 47 45 41 42 46 43 44 43 44 45 41 39 46 45 40 42 42 52 48 47 48 43 40 49 44 46 45 43 41 0 41 
54 43 46 44 46 42 42 44 41 40 46 44 46 44 39 41 41 50 44 48 39 43 44 50 48 49 48 42 40 49 42 43 51 46 49 41 40 44 42 44 49 45 49 52 48 46 41 41 43 46 48 51 45 40 41 0 

;param d[*,*]
: 0 1 2 3 4 5 6 7 8 9 10 11 12 13 14 15 16 17 18 19 20 21 22 23 24 25 26 27 28 29 30 31 32 33 34 35 36 37 38 39 40 41 42 43 44 45 46 47 48 49 50 51 52 53 54:=
0 0.0 0 0 0 0.43 0 0 0 0.92 0 1.6 0.48 0.2 2.79 0 1.66 0 0.49 0 0 0 1.66 0.5 0 0 1.29 0 1.51 1.48 0 0 0.62 0.37 1.05 0.62 1.11 2.03 1.97 1.6 0 0.55 0.6 2.22 0 0 0.23 0 0 0.78 0 0 0 0.55 1.36 1.06 
1 0 0.0 0.55 2.91 1.02 1.29 0.27 0 5.07 1.45 0.78 0 1.21 0 0 1.56 0 0 0.6 5.95 1.72 0 0 1.13 1.54 5.32 1.85 1.37 0.55 0 0.35 0.9 1.21 1.01 4.18 0.72 4.31 4.81 1.96 0.63 1.79 0.68 0.39 0.76 3.29 0.48 3.29 3.55 1.6 2.28 2.09 0.7 4.43 1.88 1.88 
2 0 0.55 0.0 0 1.52 0 0 3.42 1.02 3.2 0 1.68 1.54 0 2.46 1.6 1.11 0.3 0 2.09 3.01 0 2.03 1.54 2.03 0 0 2.53 0.39 0.63 0 0.83 0 1.27 1.17 3.8 0.4 0.43 3.86 0 0 0.98 2.26 0.35 1.02 1.77 0 1.05 0.22 0.43 0 0 0 1.41 3.2 
3 0 2.91 0 0.0 0.43 0 0 0 2.09 0.23 2.63 1.52 0.59 0.7 0 2.83 0.15 0.74 0.99 0.68 0.9 0 0 0.32 0 0 1.23 4.43 1.97 2.22 0 0.53 0.31 1.51 2.73 0.57 4.52 0.82 0.55 0 0 1.13 2.92 3.29 0.18 0 1.17 2.53 0 0 0.74 0.17 4.18 0 2.83 
4 0.43 1.02 1.52 0.43 0.0 0.7 0.47 1.9 0.23 2.82 0.52 1.21 2.28 0.28 2.54 0.78 2.26 0.92 5.19 0.82 3.67 1.36 3.67 0 1.49 1.56 1.39 1.27 2.66 1.39 0 5.45 0.48 0 0.89 0 1.02 0 3.93 3.67 1.98 4.69 0 2.03 0 0.12 0.15 1.23 1.32 2.03 0 2.03 0 1.48 0.37 
5 0 1.29 0 0 0.7 0.0 1.6 1.17 1.54 2.96 4.52 0 2.22 0.63 0.62 0 3.48 0 0 0 1.13 1.22 3.67 2.71 2.07 0 0.48 0.23 1.23 0.37 1.22 1.0 2.83 3.8 1.23 0 0.62 0 0 0 2.4 4.05 5.07 2.4 0.73 0 0.37 0 0.66 0.77 0 0 0.7 0.62 2.26 
6 0 0.27 0 0 0.47 1.6 0.0 0 0.4 0.98 3.01 0 0.66 0.48 2.28 0 0 0.17 0.53 0.53 0 0 0 1.36 0 0 0 0.86 0 1.23 0.74 0 0 0.49 1.11 0 0 2.03 0.57 0.43 0.27 0 1.6 0 0 1.05 0.32 1.54 1.17 1.29 1.72 0.37 0.35 0.52 0 
7 0 0 3.42 0 1.9 1.17 0 0.0 0.89 3.17 1.11 0.92 0 0.74 0.22 2.63 0 0.3 0 0 3.67 3.48 5.57 5.57 0 0.58 0 1.51 3.48 0.94 3.17 0 2.63 2.92 0.17 0.47 3.76 3.39 0.63 0 1.23 1.96 0.83 0.77 1.79 0.78 0.13 3.29 2.73 1.52 2.16 1.42 1.13 0.75 2.41 
8 0.92 5.07 1.02 2.09 0.23 1.54 0.4 0.89 0.0 1.97 0 0 0.33 0.47 0.8 0 0 0 1.84 0.66 0 0.55 2.65 5.95 0 3.95 0.55 0 0 0 2.79 0.65 4.18 2.03 0.66 0.47 0.58 0.5 0 3.67 0.42 1.99 3.08 2.83 0 1.41 0 2.82 3.17 0 2.53 1.6 0.89 0 0.74 
9 0 1.45 3.2 0.23 2.82 2.96 0.98 3.17 1.97 0.0 0.25 0.48 0 0 4.56 1.96 0.9 0.99 0.28 4.69 1.0 0.82 5.83 1.33 0 0.17 1.17 0 0.72 3.95 0.62 1.6 0.66 2.82 1.85 0.5 0.94 5.18 2.07 0.38 0.55 4.14 0.77 1.6 0.74 4.69 0 0 1.68 1.54 0.43 0.33 0.58 2.73 0.73 
10 1.6 0.78 0 2.63 0.52 4.52 3.01 1.11 0 0.25 0.0 0 1.41 0 0.38 1.84 0.58 0.38 1.25 2.63 2.27 2.07 5.08 4.42 3.76 0.9 0 1.37 4.71 2.53 2.46 0.22 2.07 2.4 1.06 0.35 0 3.33 0.66 1.04 0 2.19 2.23 0 1.02 0 0.43 0.85 0 0 1.02 2.73 2.92 1.6 2.22 
11 0.48 0 1.68 1.52 1.21 0 0 0.92 0 0.48 0 0.0 0.4 1.17 0.17 0 4.14 0 4.33 1.11 4.89 0 5.55 2.23 0 0.63 0 1.21 3.2 0 3.76 1.02 2.16 4.33 3.17 1.41 0 0.83 0.13 1.54 1.13 1.07 1.07 2.35 2.34 4.43 0.9 0 0 3.08 0 3.39 1.66 0 0 
12 0.2 1.21 1.54 0.59 2.28 2.22 0.66 0 0.33 0 1.41 0.4 0.0 0 1.06 1.49 0.78 0.12 1.6 0.45 0 1.52 0 0 1.79 1.36 0.12 3.29 0 1.85 0 0 0 0.38 1.69 0.33 0 0 0.74 0 0 1.6 1.64 2.28 0 1.54 0 2.4 0 0 0 0.22 0.38 1.23 2.03 
13 2.79 0 0 0.7 0.28 0.63 0.48 0.74 0.47 0 0 1.17 0 0.0 2.79 1.39 5.19 0.5 3.51 1.22 1.29 1.72 2.59 0 0 3.26 2.91 0.89 3.11 0 0 6.46 0.72 1.41 0.51 0.63 1.6 1.88 2.09 0.67 4.43 3.26 1.99 4.52 4.05 1.22 0.22 0 1.79 0 3.14 0.55 0.13 0.38 0.89 
14 0 0 2.46 0 2.54 0.62 2.28 0.22 0.8 4.56 0.38 0.17 1.06 2.79 0.0 3.11 1.8 0 6.72 0 0.72 5.95 7.1 2.27 2.19 0 0 0 4.61 0 0.6 4.56 3.76 5.7 2.53 0.85 4.42 0 0 1.25 0 2.5 5.93 5.55 1.6 3.67 2.28 0 1.49 0 2.9 0 1.23 0.43 2.03 
15 1.66 1.56 1.6 2.83 0.78 0 0 2.63 0 1.96 1.84 0 1.49 1.39 3.11 0.0 0.7 0 2.39 0 0.94 0 1.45 3.14 2.27 0 1.85 0 0.47 0 1.79 0 4.61 2.22 2.53 2.45 0 0.15 0 2.96 0 6.33 4.52 5.83 2.9 1.65 1.98 1.41 0 3.14 5.27 0.6 0.99 0.55 0 
16 0 0 1.11 0.15 2.26 3.48 0 0 0 0.9 0.58 4.14 0.78 5.19 1.8 0.7 0.0 0.86 0.9 2.59 0 1.97 0.9 0.2 0 1.09 0 4.31 0 0 1.48 1.6 0.66 0.75 3.67 1.41 1.64 1.72 2.4 0 0 0.35 0.86 2.15 0 2.73 1.85 0.58 1.85 0.15 1.23 0.31 4.18 1.52 0 
17 0.49 0 0.3 0.74 0.92 0 0.17 0.3 0 0.99 0.38 0 0.12 0.5 0 0 0.86 0.0 1.6 0 0 0 1.21 0 1.6 1.54 0 0.4 0.47 0 0 0.53 0 0 0.66 1.36 0 0 2.45 0 0 0 2.09 0 0 0.37 1.69 0.55 0 0.82 1.29 0 1.29 0.98 1.33 
18 0 0.6 0 0.99 5.19 0 0.53 0 1.84 0.28 1.25 4.33 1.6 3.51 6.72 2.39 0.9 1.6 0.0 4.99 6.59 0 0 3.55 0.51 0 0 0 2.9 3.2 4.23 2.73 0 1.91 2.71 1.8 3.94 0 0.65 0 0.82 4.94 0 0.62 0.86 6.08 0.73 3.51 0.87 0 0.23 1.02 1.88 2.83 7.48 
19 0 5.95 2.09 0.68 0.82 0 0.53 0 0.66 4.69 2.63 1.11 0.45 1.22 0 0 2.59 0 4.99 0.0 0.57 3.67 0.83 0 3.39 2.9 0.35 1.9 0.68 1.48 0.48 0 0.67 2.46 0.23 0 0 0 1.42 1.33 1.25 0.97 0 0 2.53 0.82 0.47 2.16 2.82 0 0.78 0 0.2 1.04 0.49 
20 0 1.72 3.01 0.9 3.67 1.13 0 3.67 0 1.0 2.27 4.89 0 1.29 0.72 0.94 0 0 6.59 0.57 0.0 1.36 0.67 7.1 1.09 6.59 2.46 2.79 1.91 0.7 0 2.78 5.46 2.59 2.82 0 0 0.37 3.39 0 1.96 3.33 0 6.33 0.94 0.37 1.91 0 0.32 0 1.1 0 0 4.14 0.45 
21 1.66 0 0 0 1.36 1.22 0 3.48 0.55 0.82 2.07 0 1.52 1.72 5.95 0 1.97 0 0 3.67 1.36 0.0 0.7 1.41 0 2.23 1.29 2.16 0 0 0 0 0 3.04 3.42 4.81 0.17 0 4.99 4.61 0 0 0.48 0 0 0.7 2.73 0.23 0.13 0 1.99 1.85 0 2.77 0.6 
22 0.5 0 2.03 0 3.67 3.67 0 5.57 2.65 5.83 5.08 5.55 0 2.59 7.1 1.45 0.9 1.21 0 0.83 0.67 0.7 0.0 2.66 0.58 0 0 4.43 0.15 1.79 2.66 3.88 3.76 0.63 3.39 1.84 1.09 3.2 0 1.84 1.45 0 0.68 0.68 1.37 1.79 1.49 2.26 2.91 0.47 0 1.02 0 3.2 0 
23 0 1.13 1.54 0.32 0 2.71 1.36 5.57 5.95 1.33 4.42 2.23 0 0 2.27 3.14 0.2 0 3.55 0 7.1 1.41 2.66 0.0 0 2.22 0 5.57 1.02 5.19 4.05 6.59 1.66 0.25 3.76 6.21 1.8 1.96 2.03 0 0 1.04 1.32 0.62 2.07 4.94 5.32 5.19 3.48 1.27 2.63 1.29 4.14 6.59 2.23 
24 0 1.54 2.03 0 1.49 2.07 0 0 0 0 3.76 0 1.79 0 2.19 2.27 0 1.6 0.51 3.39 1.09 0 0.58 0 0.0 0 0.57 6.08 2.34 0 0 0 0 0.9 0 2.96 2.23 2.31 4.33 0.47 0.94 1.02 2.82 2.35 0 2.71 5.57 3.14 0 0.43 0.92 0.37 5.95 0 0 
25 1.29 5.32 0 0 1.56 0 0 0.58 3.95 0.17 0.9 0.63 1.36 3.26 0 0 1.09 1.54 0 2.9 6.59 2.23 0 2.22 0 0.0 0 0.8 0 4.8 0 0.7 0.2 2.22 5.07 2.46 1.09 6.12 0.5 0 1.17 2.9 0.83 0.75 0 1.84 0 0 4.99 1.6 0 1.06 5.7 2.34 3.39 
26 0 1.85 0 1.23 1.39 0.48 0 0 0.55 1.17 0 0 0.12 2.91 0 1.85 0 0 0 0.35 2.46 1.29 0 0 0.57 0 0.0 0.7 1.85 0.86 1.23 0 0 0.37 0 0.55 0 1.41 1.23 0.66 0.68 0 0.68 2.22 1.23 2.28 0.62 1.97 0.42 0 1.66 0 0.92 0.66 1.6 
27 1.51 1.37 2.53 4.43 1.27 0.23 0.86 1.51 0 0 1.37 1.21 3.29 0.89 0 0 4.31 0.4 0 1.9 2.79 2.16 4.43 5.57 6.08 0.8 0.7 0.0 3.29 1.01 0.55 6.08 1.49 1.13 0.89 0.99 3.04 2.41 0 3.39 0 0.77 0.73 1.6 2.22 0.76 0.49 2.41 1.32 2.65 1.76 1.02 0 2.91 1.22 
28 1.48 0.55 0.39 1.97 2.66 1.23 0 3.48 0 0.72 4.71 3.2 0 3.11 4.61 0.47 0 0.47 2.9 0.68 1.91 0 0.15 1.02 2.34 0 1.85 3.29 0.0 0.74 0.2 5.65 0 0.59 0.47 3.67 0 0 0.85 0.73 0 0.38 0.33 0.74 2.09 1.88 3.8 0.59 0.51 0 2.71 1.42 3.67 1.76 0 
29 0 0 0.63 2.22 1.39 0.37 1.23 0.94 0 3.95 2.53 0 1.85 0 0 0 0 0 3.2 1.48 0.7 0 1.79 5.19 0 4.8 0.86 1.01 0.74 0.0 0.35 0 1.56 0.43 1.32 3.04 0 0 0 0 0.53 3.86 1.49 3.39 0 0.51 0 0.68 0 1.6 2.9 1.02 1.52 1.21 1.98 
30 0 0.35 0 0 0 1.22 0.74 3.17 2.79 0.62 2.46 3.76 0 0 0.6 1.79 1.48 0 4.23 0.48 0 0 2.66 4.05 0 0 1.23 0.55 0.2 0.35 0.0 0 2.09 0 1.41 2.45 1.17 0.78 1.56 2.22 0 0.53 1.85 0.45 1.21 0.31 0.28 0.51 0.27 0 1.6 0 0.99 2.03 1.72 
31 0.62 0.9 0.83 0.53 5.45 1.0 0 0 0.65 1.6 0.22 1.02 0 6.46 4.56 0 1.6 0.53 2.73 0 2.78 0 3.88 6.59 0 0.7 0 6.08 5.65 0 0 0.0 0.94 4.42 0.67 3.29 1.15 0 1.11 0 1.6 3.76 2.5 5.46 0 1.92 0.65 3.88 0 0 0.98 0 4.14 3.8 0 
32 0.37 1.21 0 0.31 0.48 2.83 0 2.63 4.18 0.66 2.07 2.16 0 0.72 3.76 4.61 0.66 0 0 0.67 5.46 0 3.76 1.66 0 0.2 0 1.49 0 1.56 2.09 0.94 0.0 0 1.85 0 0 0.89 0 0.94 0.31 0 1.52 4.31 0.08 1.41 3.93 4.42 3.86 0 0 0 2.16 2.03 4.33 
33 1.05 1.01 1.27 1.51 0 3.8 0.49 2.92 2.03 2.82 2.4 4.33 0.38 1.41 5.7 2.22 0.75 0 1.91 2.46 2.59 3.04 0.63 0.25 0.9 2.22 0.37 1.13 0.59 0.43 0 4.42 0 0.0 0.43 0 4.18 4.56 0 1.91 1.29 2.28 2.28 0 0.32 2.26 0.47 0 0 0.27 3.67 0 0 3.76 0 
34 0.62 4.18 1.17 2.73 0.89 1.23 1.11 0.17 0.66 1.85 1.06 3.17 1.69 0.51 2.53 2.53 3.67 0.66 2.71 0.23 2.82 3.42 3.39 3.76 0 5.07 0 0.89 0.47 1.32 1.41 0.67 1.85 0.43 0.0 0.43 1.17 0.43 2.45 2.63 0 2.71 4.05 3.67 1.85 0.62 0.19 3.17 1.79 4.81 4.81 1.98 0.07 2.15 0.28 
35 1.11 0.72 3.8 0.57 0 0 0 0.47 0.47 0.5 0.35 1.41 0.33 0.63 0.85 2.45 1.41 1.36 1.8 0 0 4.81 1.84 6.21 2.96 2.46 0.55 0.99 3.67 3.04 2.45 3.29 0 0 0.43 0.0 2.46 1.37 0 3.29 0.98 5.08 2.07 6.21 0 0 0 0.58 1.79 0 2.46 0 0.47 0.43 1.9 
36 2.03 4.31 0.4 4.52 1.02 0.62 0 3.76 0.58 0.94 0 0 0 1.6 4.42 0 1.64 0 3.94 0 0 0.17 1.09 1.8 2.23 1.09 0 3.04 0 0 1.17 1.15 0 4.18 1.17 2.46 0.0 0.12 5.27 3.39 0 1.64 0 3.67 0 2.53 0.53 0.56 1.13 4.71 1.0 1.49 1.09 1.84 2.03 
37 1.97 4.81 0.43 0.82 0 0 2.03 3.39 0.5 5.18 3.33 0.83 0 1.88 0 0.15 1.72 0 0 0 0.37 0 3.2 1.96 2.31 6.12 1.41 2.41 0 0 0.78 0 0.89 4.56 0.43 1.37 0.12 0.0 4.89 0.9 0.77 1.88 0.75 0.73 3.14 1.69 2.63 0 1.22 4.99 0 0 2.16 0 2.45 
38 1.6 1.96 3.86 0.55 3.93 0 0.57 0.63 0 2.07 0.66 0.13 0.74 2.09 0 0 2.4 2.45 0.65 1.42 3.39 4.99 0 2.03 4.33 0.5 1.23 0 0.85 0 1.56 1.11 0 0 2.45 0 5.27 4.89 0.0 0.3 2.16 0 5.74 5.27 1.91 4.56 0.94 1.99 0 4.14 2.03 3.01 1.72 1.13 0.53 
39 0 0.63 0 0 3.67 0 0.43 0 3.67 0.38 1.04 1.54 0 0.67 1.25 2.96 0 0 0 1.33 0 4.61 1.84 0 0.47 0 0.66 3.39 0.73 0 2.22 0 0.94 1.91 2.63 3.29 3.39 0.9 0.3 0.0 0 2.83 6.08 0.72 0.59 4.56 1.06 0 3.95 0 1.41 0.82 4.05 1.54 0 
40 0.55 1.79 0 0 1.98 2.4 0.27 1.23 0.42 0.55 0 1.13 0 4.43 0 0 0 0 0.82 1.25 1.96 0 1.45 0 0.94 1.17 0.68 0 0 0.53 0 1.6 0.31 1.29 0 0.98 0 0.77 2.16 0 0.0 2.28 0 0.57 0 2.63 2.79 1.56 0 1.29 0.99 0.68 0.43 0 0 
41 0.6 0.68 0.98 1.13 4.69 4.05 0 1.96 1.99 4.14 2.19 1.07 1.6 3.26 2.5 6.33 0.35 0 4.94 0.97 3.33 0 0 1.04 1.02 2.9 0 0.77 0.38 3.86 0.53 3.76 0 2.28 2.71 5.08 1.64 1.88 0 2.83 2.28 0.0 0 0.16 1.97 0 0.77 4.81 3.39 0.82 2.4 0.45 2.83 0 5.65 
42 2.22 0.39 2.26 2.92 0 5.07 1.6 0.83 3.08 0.77 2.23 1.07 1.64 1.99 5.93 4.52 0.86 2.09 0 0 0 0.48 0.68 1.32 2.82 0.83 0.68 0.73 0.33 1.49 1.85 2.5 1.52 2.28 4.05 2.07 0 0.75 5.74 6.08 0 0 0.0 0 0.57 0 5.7 2.16 4.18 3.04 0.7 1.72 5.7 0.97 0 
43 0 0.76 0.35 3.29 2.03 2.4 0 0.77 2.83 1.6 0 2.35 2.28 4.52 5.55 5.83 2.15 0 0.62 0 6.33 0 0.68 0.62 2.35 0.75 2.22 1.6 0.74 3.39 0.45 5.46 4.31 0 3.67 6.21 3.67 0.73 5.27 0.72 0.57 0.16 0 0.0 1.13 4.43 0 0 4.05 0 0 1.42 0.7 3.33 2.15 
44 0 3.29 1.02 0.18 0 0.73 0 1.79 0 0.74 1.02 2.34 0 4.05 1.6 2.9 0 0 0.86 2.53 0.94 0 1.37 2.07 0 0 1.23 2.22 2.09 0 1.21 0 0.08 0.32 1.85 0 0 3.14 1.91 0.59 0 1.97 0.57 1.13 0.0 0 0 1.68 0 0.8 0 0.74 0.57 0 2.83 
45 0.23 0.48 1.77 0 0.12 0 1.05 0.78 1.41 4.69 0 4.43 1.54 1.22 3.67 1.65 2.73 0.37 6.08 0.82 0.37 0.7 1.79 4.94 2.71 1.84 2.28 0.76 1.88 0.51 0.31 1.92 1.41 2.26 0.62 0 2.53 1.69 4.56 4.56 2.63 0 0 4.43 0 0.0 1.13 0 0.35 4.81 0.72 0.86 0.13 2.54 0.33 
46 0 3.29 0 1.17 0.15 0.37 0.32 0.13 0 0 0.43 0.9 0 0.22 2.28 1.98 1.85 1.69 0.73 0.47 1.91 2.73 1.49 5.32 5.57 0 0.62 0.49 3.8 0 0.28 0.65 3.93 0.47 0.19 0 0.53 2.63 0.94 1.06 2.79 0.77 5.7 0 0 1.13 0.0 3.42 1.98 3.67 2.34 2.79 0.47 0.59 0.99 
47 0 3.55 1.05 2.53 1.23 0 1.54 3.29 2.82 0 0.85 0 2.4 0 0 1.41 0.58 0.55 3.51 2.16 0 0.23 2.26 5.19 3.14 0 1.97 2.41 0.59 0.68 0.51 3.88 4.42 0 3.17 0.58 0.56 0 1.99 0 1.56 4.81 2.16 0 1.68 0 3.42 0.0 0 4.14 3.26 1.91 0 0 2.92 
48 0.78 1.6 0.22 0 1.32 0.66 1.17 2.73 3.17 1.68 0 0 0 1.79 1.49 0 1.85 0 0.87 2.82 0.32 0.13 2.91 3.48 0 4.99 0.42 1.32 0.51 0 0.27 0 3.86 0 1.79 1.79 1.13 1.22 0 3.95 0 3.39 4.18 4.05 0 0.35 1.98 0 0.0 0.65 4.52 1.6 0.7 4.56 0 
49 0 2.28 0.43 0 2.03 0.77 1.29 1.52 0 1.54 0 3.08 0 0 0 3.14 0.15 0.82 0 0 0 0 0.47 1.27 0.43 1.6 0 2.65 0 1.6 0 0 0 0.27 4.81 0 4.71 4.99 4.14 0 1.29 0.82 3.04 0 0.8 4.81 3.67 4.14 0.65 0.0 1.11 1.05 2.59 2.9 0 
50 0 2.09 0 0.74 0 0 1.72 2.16 2.53 0.43 1.02 0 0 3.14 2.9 5.27 1.23 1.29 0.23 0.78 1.1 1.99 0 2.63 0.92 0 1.66 1.76 2.71 2.9 1.6 0.98 0 3.67 4.81 2.46 1.0 0 2.03 1.41 0.99 2.4 0.7 0 0 0.72 2.34 3.26 4.52 1.11 0.0 0.86 0 1.56 0 
51 0 0.7 0 0.17 2.03 0 0.37 1.42 1.6 0.33 2.73 3.39 0.22 0.55 0 0.6 0.31 0 1.02 0 0 1.85 1.02 1.29 0.37 1.06 0 1.02 1.42 1.02 0 0 0 0 1.98 0 1.49 0 3.01 0.82 0.68 0.45 1.72 1.42 0.74 0.86 2.79 1.91 1.6 1.05 0.86 0.0 1.54 0 0.63 
52 0.55 4.43 0 4.18 0 0.7 0.35 1.13 0.89 0.58 2.92 1.66 0.38 0.13 1.23 0.99 4.18 1.29 1.88 0.2 0 0 0 4.14 5.95 5.7 0.92 0 3.67 1.52 0.99 4.14 2.16 0 0.07 0.47 1.09 2.16 1.72 4.05 0.43 2.83 5.7 0.7 0.57 0.13 0.47 0 0.7 2.59 0 1.54 0.0 2.41 0.8 
53 1.36 1.88 1.41 0 1.48 0.62 0.52 0.75 0 2.73 1.6 0 1.23 0.38 0.43 0.55 1.52 0.98 2.83 1.04 4.14 2.77 3.2 6.59 0 2.34 0.66 2.91 1.76 1.21 2.03 3.8 2.03 3.76 2.15 0.43 1.84 0 1.13 1.54 0 0 0.97 3.33 0 2.54 0.59 0 4.56 2.9 1.56 0 2.41 0.0 1.23 
54 1.06 1.88 3.2 2.83 0.37 2.26 0 2.41 0.74 0.73 2.22 0 2.03 0.89 2.03 0 0 1.33 7.48 0.49 0.45 0.6 0 2.23 0 3.39 1.6 1.22 0 1.98 1.72 0 4.33 0 0.28 1.9 2.03 2.45 0.53 0 0 5.65 0 2.15 2.83 0.33 0.99 2.92 0 0 0 0.63 0.8 1.23 0.0 

;