set O:= 0;
set N:= 1 2 3 4 5 6 7 8 9 10 11 12 13 14 15 16 17 18 19 20 21 22 23 24 25 26 27 28 29 30 31 32 33 34 35 36 37 38 39 40 41 42 43 44 45 46 47 48 49 50;
set K:= 1 2 3 4 5 6 7 8 9 10;
param V:= 10;
param cp:= 80;
param dm:= 5.0;
param o:=
0 0
1 7
2 30
3 16
4 9
5 21
6 15
7 19
8 23
9 11
10 5
11 19
12 29
13 23
14 21
15 10
16 15
17 3
18 41
19 9
20 28
21 8
22 8
23 16
24 10
25 28
26 7
27 15
28 14
29 6
30 19
31 11
32 12
33 23
34 26
35 17
36 6
37 9
38 15
39 14
40 7
41 27
42 13
43 11
44 16
45 10
46 5
47 25
48 17
49 18
50 10
;
param c[*,*]
: 0 1 2 3 4 5 6 7 8 9 10 11 12 13 14 15 16 17 18 19 20 21 22 23 24 25 26 27 28 29 30 31 32 33 34 35 36 37 38 39 40 41 42 43 44 45 46 47 48 49 50:=
0 0 3 6 7 8 4 2 6 4885 6 25 3 4 10471 5 5329 8 3775 3 12 9 8935 9 6 6 20 7 7 6439 9 8 13 4 7550 17 8660 9548 3997 13 11 61 22 11193 9 6 8 0 2 13 5 8 
1 3 0 4 5305 9 10 7 8 2443 11 15 3 18 15 6 13 5 8 7 16248 7 7 2 30 21 7328 3997 2 4 6 13 4 2 11727 8376 8 8655 8376 13 17 20220 32 20 12277 10331 13 12 5107 5 9388 13 
2 6 4 0 4 10331 7 8 9493 8 4467 8 6 6701 18 21 39 2234 19 11 36 3350 5 2792 18 11448 13 8 5305 20 10 6 8 3 10889 11 5305 8 11 3909 11 22 23 69 14 42 11168 5 32 13 12 4 
3 7 5305 4 0 15 10 10 13 5863 17 12006 11 34 24 13 56 13 13402 12844 46 2 7 3 14 20 14 6980 5995 2513 4747 10 8 20 60 36 6 3350 16 10 15 30 28 90 16971 14798 15 9 46 10 10 7539 
4 8 9 10331 15 0 6 6 13360 9 28 8 7 2665 6 15 5 39 3 1554 6 13402 25 8438 11 13 5 9326 5329 10436 12006 8 10214 6 7 11448 15 21 3 5773 8882 36 4694 6 29 3 6 4 3 26 12 10 
5 4 10 7 10 6 0 5551 29 48 17 5055 3 1998 16 8 6 4467 5 6 12 8935 6980 9749 26 27 8 29 5 53 28 6499 18 14 7222 12 12 50 4 3 10 15165 46 9749 35 8 7 3 4 10471 4 5 
6 2 7 8 10 6 5551 0 4 8 30 8660 5 16 11 2220 8 11 11 6 25 9 14 6 2443 3 4 6 2 8 10331 9326 6 4 9770 23 12 10 5995 7 22 32 11 13360 5 7 18 3 3331 1776 7328 10051 
7 6 8 9493 13 13360 29 4 0 5055 16609 78 29 8 18 8 18054 11 30 11 18 14443 55 9027 2166 6 10 4 17 38 15 19498 7 24 87 16 65 16609 15526 28 23 20942 21 21 5 17693 26 7 11554 16 66 26 
8 4885 2443 8 5863 9 48 8 5055 0 25 18 5 13 20 12 13 8 14 9 75 7 11 5 5416 10 29 6 3 3 8 15887 2 3775 30 46 35 11 14 11 19498 44 22 38 19 16 58 5 6661 1998 15 20 
9 6 11 4467 17 28 17 30 16609 25 0 5 3 5 17 9104 17 9 9388 10 15526 9 5 9388 19 17 12 15526 6 16 4467 4 14082 4219 33 5 10 13 7944 2528 6860 19498 64 15 25 10110 9388 4 7 25 2166 3 
10 25 15 8 12006 8 5055 8660 78 18 5 0 5 4885 17 12 11 7 11 16 13721 21 13 13360 18054 19137 21 21 9 16609 30 13 23 6217 17 5 15 14 27 5416 3611 19 30 22 22 15 6 6 8 17 3 9 
11 3 3 6 11 7 3 5 29 5 3 5 0 4 18 8 6 2792 6 5773 58 4885 6 3553 13 8 10 7 4 23 5 4663 12 5 6883 5584 6439 9 6 2 28 36 18 17 19 25 6883 3 4 5 12 4 
12 4 18 6701 34 2665 1998 16 8 13 5 4885 4 0 9 19 14 25 4 3109 19 9 36 7 7 6661 5329 16 3553 8 8655 6 10 4 12 34 19 11 2 6 7 14 36 35 9104 5 10 2 1332 6 4 7 
13 10471 15 18 24 6 16 11 18 20 17 17 18 9 0 6499 11554 17693 9 10 20 44 43 35 12 10 9 17332 11915 81 21 19 19498 16 19 25 31 52 39 30 22 6860 6 9 56 38 53 12 8 52 16 38 
14 5 6 21 13 15 8 2220 8 12 9104 12 8 19 6499 0 7772 45 7 2220 10 16 13960 7328 7 14 1 7 4 35 13 12 7994 23 10214 13681 60 15915 6 8 15 13 11 48 33 28 9104 4441 4 5 9 25 
15 5329 13 39 56 5 6 8 18054 13 17 11 6 14 11554 7772 0 10 4 11 8 12844 11 14 32 32 8 14519 7 18 12 8666 16 6661 6 8376 14798 16 2 8 33 14 9388 23 20581 7 1675 20 4219 11 23 8097 
16 8 5 2234 13 39 4467 11 11 8 9 7 2792 25 17693 45 10 0 8376 39 17332 5 2792 6 12 13 50 10 6422 8 3 4188 35 16 35 3350 27 17 15 10 8 23 19 19 14519 11 37 11 10 8376 7 1396 
17 3775 8 19 13402 3 5 11 30 14 9388 11 6 4 9 7 4 8376 0 3109 8 14 12 41 14 12277 5551 13 6 26 14 11 26 6 7 12 14798 20 1 7583 12 10 8 5055 17 2 5 14 4 10 30 8935 
18 3 7 11 12844 1554 6 6 11 9 10 16 5773 3109 10 2220 11 39 3109 0 29 13123 13 8 8666 30 2 8 4 37 48 9104 9104 5 16 25 19 65 4 8 11 42 6138 8 13 4885 6883 4 7 6 7 22 
19 12 16248 36 46 6 12 25 18 75 15526 13721 58 19 20 10 8 17332 8 29 0 28 81 21 16 14082 18 40 13721 24 41 19 22 16 24 21 25 27 8 55 21 14 2 3 18 6138 12 14 32 62 15 20 
20 9 7 3350 2 13402 8935 9 14443 7 9 21 4885 9 44 16 12844 5 14 13123 28 0 18 5 14804 22 14798 8655 6217 18 6 10 12 4885 27 28 2 4 48 28 12 105 45 22 18776 17 16 14 11 11 9 7 
21 8935 7 5 7 25 6980 14 55 11 5 13 6 36 43 13960 11 2792 12 13 81 18 0 9 17 17 31 48 36 9 2 5 11 7 9772 2513 5863 9 11 5026 7539 27 21 21 17 14 14 34 21 22 7 4 
22 9 2 2792 3 8438 9749 6 9027 5 9388 13360 3553 7 35 7328 14 6 41 8 21 5 9 0 9388 14 9 4 3331 2 10 12277 6 10 16 34 7 8 40 9 20 91 18 37 27 15 26 6 27 3775 12 7 
23 6 30 18 14 11 26 2443 2166 5416 19 18054 13 7 12 7 32 12 14 8666 16 14804 17 9388 0 3 15 6 3553 13 11727 18415 8666 11 22 57 16609 22 17 26 22 21 58 68 9 64 18776 5329 9388 13 15526 49 
24 6 21 11448 20 13 27 3 6 10 17 19137 8 6661 10 14 32 13 12277 30 14082 22 17 14 3 0 6 17 4885 13721 17 20 15 8 25 16 19859 41 27 14443 45 66 16 62 17 17 38 5995 38 7 16609 13960 
25 20 7328 13 14 5 8 4 10 29 12 21 10 5329 9 1 8 50 5551 2 18 14798 31 9 15 6 0 8 6 11 14240 12 19 9 21 15077 34 22 6439 11 12 11554 15 12 10 9 12 6 4 5329 9326 15 
26 7 3997 8 6980 9326 29 6 4 6 15526 21 7 16 17332 7 14519 10 13 8 40 8655 48 4 6 17 8 0 6 3553 40 18415 3 6 34 13 39 13 51 53 88 23470 24 42 7944 14798 16473 13 7994 6 16 11727 
27 7 2 5305 5995 5329 5 2 17 3 6 9 4 3553 11915 4 7 6422 6 4 13721 6217 36 3331 3553 4885 6 6 0 5107 7818 10 4885 2 11 9493 16 8660 5773 4 38 17 14 16 8 15 8660 4 3553 7 12 10 
28 6439 4 20 2513 10436 53 8 38 3 16 16609 23 8 81 35 18 8 26 37 24 18 9 2 13 13721 11 3553 5107 0 27 30 1332 5 20 12 21 6 14 14 24 28 24 24 17 14798 64 6661 17 19 14 36 
29 9 6 10 4747 12006 28 10331 15 8 4467 30 5 8655 21 13 12 3 14 48 41 6 2 10 11727 17 14240 40 7818 27 0 23 8 11 12 17 4188 7 11 5 10 48 82 24 61 13 11727 8 40 9 25 12 
30 8 13 6 10 8 6499 9326 19498 15887 4 13 4663 6 19 12 8666 4188 11 9104 19 10 5 12277 18415 20 12 18415 10 30 23 0 17 24 7 7 40 47 19 11 17 23 20 29 26 43 11 7 15 62 5 6 
31 13 4 8 8 10214 18 6 7 2 14082 23 12 10 19498 7994 16 35 26 9104 22 12 11 6 8666 15 19 3 4885 1332 8 17 0 10 66 13 28 9 15 49 23 25275 42 28 46 19 21 7 34 4 17 21 
32 4 2 3 20 6 14 4 24 3775 4219 6217 5 4 16 23 6661 16 6 5 16 4885 7 10 11 8 9 6 2 5 11 24 10 0 8 15 6 8 7 3 8216 74 14 18 8216 14 10 1998 4219 3331 5 6 
33 7550 11727 10889 60 7 7222 9770 87 30 33 17 6883 12 19 10214 6 35 7 16 24 27 9772 16 22 25 21 34 11 20 12 7 66 8 0 8 15 17032 5026 10 9 14804 12999 9027 24 5 8 8 7 14 7 7818 
34 17 8376 11 36 11448 12 23 16 46 5 5 5584 34 25 13681 8376 3350 12 25 21 28 2513 34 57 16 15077 13 9493 12 17 7 13 15 8 0 10 13 10 18 20 22 38 66 71 20 17 32 10051 47 3630 1675 
35 8660 8 5305 6 15 12 12 65 35 10 15 6439 19 31 60 14798 27 14798 19 25 2 5863 7 16609 19859 34 39 16 21 4188 40 28 6 15 10 0 7 28 9 13402 116 100 30 20581 16 16 8 17 21 10 15 
36 9548 8655 8 3350 21 50 10 16609 11 13 14 9 11 52 15915 16 17 20 65 27 4 9 8 22 41 22 13 8660 6 7 47 9 8 17032 13 7 0 20 10610 60 31 33 26 84 18 17590 11 14798 11168 12006 11 
37 3997 8376 11 16 3 4 5995 15526 14 7944 27 6 2 39 6 2 15 1 4 8 48 11 40 17 27 6439 51 5773 14 11 19 15 7 5026 10 28 20 0 6499 12 22 10 6 20 8 15 15 3 9214 6138 8 
38 13 13 3909 10 5773 3 7 28 11 2528 5416 2 6 30 8 8 10 7583 8 55 28 5026 9 26 14443 11 53 4 14 5 11 49 3 10 18 9 10610 6499 0 11 17693 16 12277 17693 36 9027 4 9 11 2528 12 
39 11 17 11 15 8882 10 22 23 19498 6860 3611 28 7 22 15 33 8 12 11 21 12 7539 20 22 45 12 88 38 24 10 17 23 8216 9 20 13402 60 12 11 0 19 35 13721 29 42 7222 10 9 18776 7 6143 
40 61 20220 22 30 36 15165 32 20942 44 19498 19 36 14 6860 13 14 23 10 42 14 105 27 91 21 66 11554 23470 17 28 48 23 25275 74 14804 22 116 31 22 17693 19 0 4333 7 42 12 49 15165 46 19 17332 21303 
41 22 32 23 28 4694 46 11 21 22 64 30 18 36 6 11 9388 19 8 6138 2 45 21 18 58 16 15 24 14 24 82 20 42 14 12999 38 100 33 10 16 35 4333 0 5 21 14 10 12 7583 58 18 36 
42 11193 20 69 90 6 9749 13360 21 38 15 22 17 35 9 48 23 19 5055 8 3 22 21 37 68 62 12 42 16 24 24 29 28 18 9027 66 30 26 6 12277 13721 7 5 0 20 4 6 11193 16 16248 11554 18 
43 9 12277 14 16971 29 35 5 5 19 25 22 19 9104 56 33 20581 14519 17 13 18 18776 17 27 9 17 10 7944 8 17 61 26 46 8216 24 71 20581 84 20 17693 29 42 21 20 0 25 22748 8 13 7583 20 16 
44 6 10331 42 14798 3 8 7 17693 16 10110 15 25 5 38 28 7 11 2 4885 6138 17 14 15 64 17 9 14798 15 14798 13 43 19 14 5 20 16 18 8 36 42 12 14 4 25 0 3 5 8 14 7944 9 
45 8 13 11168 15 6 7 18 26 58 9388 6 6883 10 53 9104 1675 37 5 6883 12 16 14 26 18776 38 12 16473 8660 64 11727 11 21 10 8 17 16 17590 15 9027 7222 49 10 6 22748 3 0 26 6 16 7222 10 
46 0 12 5 9 4 3 3 7 5 4 6 3 2 12 4441 20 11 14 4 14 14 34 6 5329 5995 6 13 4 6661 8 7 7 1998 8 32 8 11 15 4 10 15165 12 11193 8 5 26 0 1998 15 17 13 
47 2 5107 32 46 3 4 3331 11554 6661 7 8 4 1332 8 4 4219 10 4 7 32 11 21 27 9388 38 4 7994 3553 17 40 15 34 4219 7 10051 17 14798 3 9 9 46 7583 16 13 8 6 1998 0 6 5107 35 
48 13 5 13 10 26 10471 1776 16 1998 25 17 5 6 52 5 11 8376 10 6 62 11 22 3775 13 7 5329 6 7 19 9 62 4 3331 14 47 21 11168 9214 11 18776 19 58 16248 7583 14 16 15 6 0 25 9772 
49 5 9388 12 10 12 4 7328 66 15 2166 3 12 4 16 9 23 7 30 7 15 9 7 12 15526 16609 9326 16 12 14 25 5 17 5 7 3630 10 12006 6138 2528 7 17332 18 11554 20 7944 7222 17 5107 25 0 3350 
50 8 13 4 7539 10 5 10051 26 20 3 9 4 7 38 25 8097 1396 8935 22 20 7 4 7 49 13960 15 11727 10 36 12 6 21 6 7818 1675 15 11 8 12 6143 21303 36 18 16 9 10 13 35 9772 3350 0 

;param cto[*,*]
: 0 1 2 3 4 5 6 7 8 9 10 11 12 13 14 15 16 17 18 19 20 21 22 23 24 25 26 27 28 29 30 31 32 33 34 35 36 37 38 39 40 41 42 43 44 45 46 47 48 49 50:=
0 0 44 45 47 41 40 44 46 42 42 43 40 39 43 41 42 42 41 44 43 44 44 41 42 46 42 43 39 43 43 43 43 40 44 43 45 46 41 40 45 45 43 43 44 42 43 42 39 40 42 42 
1 44 0 40 41 43 42 41 46 40 42 44 44 41 49 46 44 45 47 43 46 41 46 43 42 43 44 41 39 41 45 44 41 39 45 43 43 43 43 41 46 48 46 46 44 44 45 40 42 40 42 42 
2 45 40 0 44 44 42 47 44 42 41 47 40 42 51 44 44 39 44 44 47 40 40 40 44 45 46 47 41 41 39 46 42 44 45 41 41 42 43 40 44 53 47 46 46 45 45 45 43 42 42 40 
3 47 41 44 0 47 48 44 48 42 43 46 42 45 49 50 47 42 46 46 49 39 46 44 44 46 51 42 43 39 41 48 40 42 47 44 40 40 46 43 47 51 49 49 46 47 51 44 45 43 48 43 
4 41 43 44 47 0 41 42 44 44 44 43 42 40 40 41 41 44 39 39 40 46 46 45 47 43 41 45 42 46 46 48 46 42 47 45 51 49 44 42 45 42 40 44 45 44 42 41 39 43 43 48 
5 40 42 42 48 41 0 42 45 44 40 40 40 39 44 43 40 41 44 42 43 44 42 43 44 45 44 45 41 44 42 41 45 41 41 42 45 46 44 43 42 45 44 43 46 41 45 40 40 43 39 45 
6 44 41 47 44 42 42 0 41 41 44 45 45 41 43 40 48 43 42 40 44 44 45 42 40 40 41 42 39 43 44 45 46 45 46 45 46 50 43 42 47 46 47 44 46 48 45 40 40 39 44 44 
7 46 46 44 48 44 45 41 0 40 46 47 44 44 45 42 47 49 45 47 51 45 47 42 39 40 42 44 41 42 46 47 45 43 49 47 46 46 46 45 53 48 46 47 40 47 48 43 44 40 46 46 
8 42 40 42 42 44 44 41 40 0 44 46 46 43 46 43 50 47 45 44 47 46 44 40 40 42 44 39 44 44 47 46 39 41 47 45 43 44 45 47 47 49 47 47 42 46 47 46 43 39 45 44 
9 42 42 41 43 44 40 44 46 44 0 40 40 42 50 45 42 39 42 44 46 42 40 42 46 50 46 46 46 44 41 39 45 41 42 39 43 44 42 39 41 47 46 45 48 43 42 45 43 44 39 39 
10 43 44 47 46 43 40 45 47 46 40 0 42 42 50 46 40 41 42 44 45 44 42 44 47 47 46 47 44 46 43 39 47 43 40 40 46 50 41 40 40 46 45 43 53 42 44 42 43 45 39 41 
11 40 44 40 42 42 40 45 44 46 40 42 0 40 45 43 46 40 42 42 45 42 41 41 43 48 44 47 40 42 41 42 43 39 43 41 43 44 42 39 43 47 45 44 46 43 43 40 45 42 40 44 
12 39 41 42 45 40 39 41 44 43 42 42 40 0 46 42 41 42 39 40 42 44 44 43 43 43 42 44 41 48 43 46 44 40 42 43 46 50 43 40 47 44 42 42 45 41 42 43 39 42 41 46 
13 43 49 51 49 40 44 43 45 46 50 50 45 46 0 41 44 47 42 40 40 49 48 46 48 46 40 46 44 48 52 51 47 45 46 48 50 51 43 45 47 41 39 42 45 42 44 43 45 44 49 47 
14 41 46 44 50 41 43 40 42 43 45 46 43 42 41 0 44 45 42 40 47 46 47 44 40 40 43 47 45 45 50 46 44 42 46 47 47 48 47 44 47 48 42 44 42 44 45 41 44 41 45 46 
15 42 44 44 47 41 40 48 47 50 42 40 46 41 44 44 0 43 40 42 46 46 44 45 46 46 48 47 47 47 45 42 47 43 40 43 47 52 39 45 42 44 42 41 48 39 39 42 41 49 41 43 
16 42 45 39 42 44 41 43 49 47 39 41 40 42 47 45 43 0 43 44 46 45 40 41 45 50 46 48 42 46 43 40 43 40 43 40 42 43 43 39 42 48 46 46 47 44 44 41 43 43 40 39 
17 41 47 44 46 39 44 42 45 45 42 42 42 39 42 42 40 43 0 40 41 46 45 44 44 44 42 50 42 46 45 47 46 46 42 44 47 48 42 42 47 46 41 40 50 39 41 41 39 44 42 44 
18 44 43 44 46 39 42 40 47 44 44 44 42 40 40 40 42 44 40 0 41 46 50 48 42 42 44 48 45 45 46 45 45 46 44 46 47 48 41 43 46 43 41 46 44 42 43 41 39 42 47 45 
19 43 46 47 49 40 43 44 51 47 46 45 45 42 40 47 46 46 41 41 0 49 48 47 49 45 42 48 45 49 48 46 52 45 44 47 54 55 42 45 46 40 39 43 51 41 42 44 42 46 45 47 
20 44 41 40 39 46 44 44 45 46 42 44 42 44 49 46 46 45 46 46 49 0 41 40 45 47 47 43 43 41 40 43 42 42 47 42 43 40 46 42 49 51 49 52 47 47 47 43 49 44 47 42 
21 44 46 40 46 46 42 45 47 44 40 42 41 44 48 47 44 40 45 50 48 41 0 42 46 47 48 46 44 47 43 40 44 46 44 39 42 43 44 41 43 50 52 47 53 45 45 43 45 45 41 39 
22 41 43 40 44 45 43 42 42 40 42 44 41 43 46 44 45 41 44 48 47 40 42 0 42 44 49 45 40 40 41 44 40 40 46 43 41 42 44 42 46 49 51 47 44 46 46 41 43 41 43 46 
23 42 42 44 44 47 44 40 39 40 46 47 43 43 48 40 46 45 44 42 49 45 46 42 0 43 42 40 41 43 45 47 42 42 48 47 46 46 45 44 52 47 45 46 40 46 47 42 42 39 46 46 
24 46 43 45 46 43 45 40 40 42 50 47 48 43 46 40 46 50 44 42 45 47 47 44 43 0 40 42 42 45 47 51 44 43 48 52 48 48 45 45 49 46 44 46 40 46 47 43 42 41 46 47 
25 42 44 46 51 41 44 41 42 44 46 46 44 42 40 43 48 46 42 44 42 47 48 49 42 40 0 48 42 46 47 51 46 44 46 47 49 49 43 45 52 44 42 43 42 44 45 46 41 42 45 47 
26 43 41 47 42 45 45 42 44 39 46 47 47 44 46 47 47 48 50 48 48 43 46 45 40 42 48 0 41 41 44 47 40 42 49 50 44 44 46 44 49 49 47 48 42 47 48 43 44 40 50 45 
27 39 39 41 43 42 41 39 41 44 46 44 40 41 44 45 47 42 42 45 45 43 44 40 41 42 42 41 0 42 43 44 42 39 45 44 44 45 42 45 46 50 44 45 43 44 45 39 41 39 42 43 
28 43 41 41 39 46 44 43 42 44 44 46 42 48 48 45 47 46 46 45 49 41 47 40 43 45 46 41 42 0 42 45 39 42 48 45 41 45 46 44 47 51 48 49 45 47 48 43 45 42 49 44 
29 43 45 39 41 46 42 44 46 47 41 43 41 43 52 50 45 43 45 46 48 40 43 41 45 47 47 44 43 42 0 42 47 41 45 40 40 42 44 45 44 50 48 47 48 46 45 46 44 48 42 40 
30 43 44 46 48 48 41 45 47 46 39 39 42 46 51 46 42 40 47 45 46 43 40 44 47 51 51 47 44 45 42 0 50 43 45 39 44 45 42 40 40 48 47 45 49 43 42 43 44 46 40 40 
31 43 41 42 40 46 45 46 45 39 45 47 43 44 47 44 47 43 46 45 52 42 44 40 42 44 46 40 42 39 47 50 0 42 48 46 42 42 46 44 48 50 48 49 44 47 48 43 45 45 45 44 
32 40 39 44 42 42 41 45 43 41 41 43 39 40 45 42 43 40 46 46 45 42 46 40 42 43 44 42 39 42 41 43 42 0 48 42 47 44 42 44 44 47 49 45 44 44 44 39 41 40 41 41 
33 44 45 45 47 47 41 46 49 47 42 40 43 42 46 46 40 43 42 44 44 47 44 46 48 48 46 49 45 48 45 45 48 48 0 43 51 49 41 42 40 45 44 42 54 41 39 44 47 50 41 43 
34 43 43 41 44 45 42 45 47 45 39 40 41 43 48 47 43 40 44 46 47 42 39 43 47 52 47 50 44 45 40 39 46 42 43 0 43 44 43 41 41 53 47 46 49 44 43 43 44 45 40 39 
35 45 43 41 40 51 45 46 46 43 43 46 43 46 50 47 47 42 47 47 54 43 42 41 46 48 49 44 44 41 40 44 42 47 51 43 0 39 47 47 46 52 50 50 48 52 52 48 46 44 48 42 
36 46 43 42 40 49 46 50 46 44 44 50 44 50 51 48 52 43 48 48 55 40 43 42 46 48 49 44 45 45 42 45 42 44 49 44 39 0 48 45 47 57 51 55 48 53 49 46 47 45 46 44 
37 41 43 43 46 44 44 43 46 45 42 41 42 43 43 47 39 43 42 41 42 46 44 44 45 45 43 46 42 46 44 42 46 42 41 43 47 48 0 41 43 43 42 41 47 39 40 41 40 44 41 47 
38 40 41 40 43 42 43 42 45 47 39 40 39 40 45 44 45 39 42 43 45 42 41 42 44 45 45 44 45 44 45 40 44 44 42 41 47 45 41 0 42 47 45 44 47 42 42 40 41 43 39 40 
39 45 46 44 47 45 42 47 53 47 41 40 43 47 47 47 42 42 47 46 46 49 43 46 52 49 52 49 46 47 44 40 48 44 40 41 46 47 43 42 0 51 47 45 51 43 41 44 45 47 41 42 
40 45 48 53 51 42 45 46 48 49 47 46 47 44 41 48 44 48 46 43 40 51 50 49 47 46 44 49 50 51 50 48 50 47 45 53 52 57 43 47 51 0 40 41 48 42 44 45 44 51 46 48 
41 43 46 47 49 40 44 47 46 47 46 45 45 42 39 42 42 46 41 41 39 49 52 51 45 44 42 47 44 48 48 47 48 49 44 47 50 51 42 45 47 40 0 44 46 41 47 43 42 45 45 47 
42 43 46 46 49 44 43 44 47 47 45 43 44 42 42 44 41 46 40 46 43 52 47 47 46 46 43 48 45 49 47 45 49 45 42 46 50 55 41 44 45 41 44 0 52 40 45 43 42 46 44 46 
43 44 44 46 46 45 46 46 40 42 48 53 46 45 45 42 48 47 50 44 51 47 53 44 40 40 42 42 43 45 48 49 44 44 54 49 48 48 47 47 51 48 46 52 0 48 49 48 48 42 52 52 
44 42 44 45 47 44 41 48 47 46 43 42 43 41 42 44 39 44 39 42 41 47 45 46 46 46 44 47 44 47 46 43 47 44 41 44 52 53 39 42 43 42 41 40 48 0 43 46 41 45 42 48 
45 43 45 45 51 42 45 45 48 47 42 44 43 42 44 45 39 44 41 43 42 47 45 46 47 47 45 48 45 48 45 42 48 44 39 43 52 49 40 42 41 44 47 45 49 43 0 43 46 46 41 43 
46 42 40 45 44 41 40 40 43 46 45 42 40 43 43 41 42 41 41 41 44 43 43 41 42 43 46 43 39 43 46 43 43 39 44 43 48 46 41 40 44 45 43 43 48 46 43 0 39 41 41 42 
47 39 42 43 45 39 40 40 44 43 43 43 45 39 45 44 41 43 39 39 42 49 45 43 42 42 41 44 41 45 44 44 45 41 47 44 46 47 40 41 45 44 42 42 48 41 46 39 0 42 42 43 
48 40 40 42 43 43 43 39 40 39 44 45 42 42 44 41 49 43 44 42 46 44 45 41 39 41 42 40 39 42 48 46 45 40 50 45 44 45 44 43 47 51 45 46 42 45 46 41 42 0 44 44 
49 42 42 42 48 43 39 44 46 45 39 39 40 41 49 45 41 40 42 47 45 47 41 43 46 46 45 50 42 49 42 40 45 41 41 40 48 46 41 39 41 46 45 44 52 42 41 41 42 44 0 40 
50 42 42 40 43 48 45 44 46 44 39 41 44 46 47 46 43 39 44 45 47 42 39 46 46 47 47 45 43 44 40 40 44 41 43 39 42 44 47 40 42 48 47 46 52 48 43 42 43 44 40 0 

;param d[*,*]
: 0 1 2 3 4 5 6 7 8 9 10 11 12 13 14 15 16 17 18 19 20 21 22 23 24 25 26 27 28 29 30 31 32 33 34 35 36 37 38 39 40 41 42 43 44 45 46 47 48 49 50:=
0 0.0 0 0 0 0.28 0 0 0 1.36 0 1.09 0 0.13 3.67 0 1.48 0.37 1.05 0 0.52 0 3.01 0.33 0 0 0.9 0 0.31 1.79 0 0 0.48 0.17 2.09 1.21 2.4 2.65 1.11 0.59 0 3.95 1.85 3.93 0 0 0 0 0 0.59 0 0 
1 0 0.0 0.2 1.79 0 0.86 0.27 0 0.68 0.94 1.33 0 0.78 0 0 0.6 0 0 0 5.7 0.33 0 0 1.98 1.79 2.03 1.11 0 0 0 0.53 0 0 3.95 2.82 0 2.92 2.82 1.11 0.72 7.1 2.71 1.72 4.31 3.48 0 0.51 1.42 0.2 3.29 0.94 
2 0 0.2 0.0 0 3.48 0 0 3.2 0.37 1.51 0 0.39 2.26 0 1.45 2.16 0.75 1.33 0 3.08 1.13 0.23 0.94 1.29 3.86 0 0 1.79 1.11 0.55 0 0.38 0 3.67 0.78 1.79 0.4 0.52 1.32 0 0 1.96 4.52 0 2.34 3.76 0 1.79 0.94 0.82 0 
3 0 1.79 0 0.0 0 0 0 0 1.98 1.21 4.05 0.42 1.49 1.02 0 3.08 0.9 4.52 4.33 3.94 0.12 0 0 0.6 1.76 0 2.35 1.66 0.85 1.6 0 0.59 0.86 3.33 1.97 0.39 1.13 0.77 0.48 0 1.24 2.46 5.83 5.95 4.99 0 0 2.53 0.47 0 2.54 
4 0.28 0 3.48 0 0.0 0 0 4.69 0 1.25 0 0 0.74 0.25 0.66 0 2.16 0.12 0.43 0.55 4.52 1.72 2.34 0 1.09 0 2.59 1.48 2.9 4.05 0 2.83 0 0 3.86 0 1.0 0 1.6 2.46 2.35 1.65 0 2.46 0 0 0 0.12 1.13 0.47 0 
5 0 0.86 0 0 0 0.0 1.54 2.46 3.11 1.13 1.77 0 0.55 1.37 0 0.23 1.51 0 0 0.52 3.01 2.35 3.42 2.22 2.34 0 2.46 0 3.48 1.54 2.28 1.52 0.63 2.53 0.82 0 2.77 0 0 0.4 5.32 3.01 3.42 2.96 0.7 0 0 0 3.67 0.31 0 
6 0 0.27 0 0 0 1.54 0.0 0 0.3 1.33 2.4 0 0.7 0.45 0.62 0 0.52 0.4 0.23 2.09 0 0.68 0 0.68 0 0 0 0 0 3.48 2.59 0 0 2.71 1.64 0 0 1.66 0 0.82 2.71 0 4.69 0 0 0.68 0 0.92 0.49 2.03 3.39 
7 0 0 3.2 0 4.69 2.46 0 0.0 1.77 5.83 5.08 1.29 0 1.52 0.35 6.33 0 2.53 0 0 5.07 3.02 3.17 0.76 0.23 0.43 0 0.74 2.45 0.72 6.84 0 1.06 5.65 0 4.23 5.83 5.45 2.4 0 7.35 1.8 0.89 0.2 6.21 2.23 0 4.05 1.04 4.33 1.8 
8 1.36 0.68 0.37 1.98 0 3.11 0.3 1.77 0.0 2.16 0.75 0 0.5 1.76 0.45 0 0 0.65 0 4.89 0 0 0.2 1.9 0.42 1.29 0.27 0 0 0 5.57 0 1.05 2.11 2.53 1.91 0.53 0.67 0 6.84 3.76 1.92 3.2 1.6 0.78 3.2 0 1.85 0.55 0.63 1.37 
9 0 0.94 1.51 1.21 1.25 1.13 1.33 5.83 2.16 0.0 0.47 0 0 0 2.53 1.42 0.49 3.29 0 5.45 0.42 0.22 3.29 1.68 0 0 5.45 0 1.37 1.51 0.31 4.94 1.17 2.16 0.35 0 0.62 2.79 0.89 2.41 6.84 4.14 0.63 2.19 3.55 3.29 0 0 2.09 0.76 0.2 
10 1.09 1.33 0 4.05 0 1.77 2.4 5.08 0.75 0.47 0.0 0 1.36 0 0 0.92 0.33 0.94 0.6 4.81 1.45 0.9 4.69 6.33 6.72 0.78 0.87 0 5.83 1.66 0.85 1.96 1.72 1.13 0.25 0.72 0 1.79 1.9 1.27 0.8 2.53 1.91 0 1.29 0 0 0 0.7 0.12 0.63 
11 0 0 0.39 0.42 0 0 0 1.29 0 0 0 0.0 0 1.56 0 0 0.94 0 1.6 3.76 1.36 0 0.99 0.5 0 0 0 0 1.02 0 1.29 0.47 0.23 1.91 1.88 1.79 0 0 0 1.21 3.08 1.56 1.45 0.72 1.09 1.91 0 0 0 0.55 0 
12 0.13 0.78 2.26 1.49 0.74 0.55 0.7 0 0.5 0 1.36 0 0.0 0 0.82 0.63 1.36 0.15 0.86 1.6 0 1.97 0 0 1.85 1.48 0.6 0.99 0 2.92 0 0 0 0.43 1.85 0.72 0 0 0.23 0 0.6 2.35 2.26 2.53 0 0.38 0 0.37 0 0 0 
13 3.67 0 0 1.02 0.25 1.37 0.45 1.52 1.76 0 0 1.56 0 0.0 2.28 4.05 6.21 0.37 0.86 1.32 3.76 3.63 2.96 0 0 0.8 6.08 4.18 5.27 0 0 6.84 0.65 1.68 2.19 2.66 4.44 2.54 2.53 0.9 2.41 0.55 0.82 3.67 2.45 3.48 0.5 0 3.39 0 3.2 
14 0 0 1.45 0 0.66 0 0.62 0.35 0.45 2.53 0 0 0.82 2.28 0.0 2.16 2.46 0 0.62 0 0.78 4.71 2.03 0.59 0.94 0 0 0 1.52 0 0 2.22 1.02 2.83 4.61 3.33 5.36 0 0 0 0 0.98 3.11 2.16 1.25 2.53 1.23 0 0 0 1.72 
15 1.48 0.6 2.16 3.08 0 0.23 0 6.33 0 1.42 0.92 0 0.63 4.05 2.16 0.0 0.48 0.18 0.42 0 4.33 0 0.68 2.77 2.77 0 4.89 0 0.85 0 3.04 0 1.85 0.43 2.82 4.99 0 0.12 0 2.16 1.25 3.29 1.51 7.22 0.37 0.56 0.9 1.17 0 1.51 2.73 
16 0.37 0 0.75 0.9 2.16 1.51 0.52 0 0 0.49 0.33 0.94 1.36 6.21 2.46 0.48 0.0 2.82 2.16 6.08 0 0.94 0.3 0 0 2.77 0 2.16 0 0 1.41 1.91 0.86 1.91 1.13 1.48 1.17 1.06 0.55 0 0.97 0.8 1.68 4.89 0 2.03 0.78 0.47 2.82 0.51 0.47 
17 1.05 0 1.33 4.52 0.12 0 0.4 2.53 0.65 3.29 0.94 0 0.15 0.37 0 0.18 2.82 0.0 0.86 0.66 0 0 2.28 0.58 4.31 1.54 0 0 1.8 0.65 0 1.84 0 0 0.58 4.99 0.97 0 2.66 0 0 0.7 1.77 0 0 0 0.63 0.15 0 1.98 3.01 
18 0 0 0 4.33 0.43 0 0.23 0 0 0 0.6 1.6 0.86 0.86 0.62 0.42 2.16 0.86 0.0 1.88 4.42 0 0 3.04 1.98 0 0 0 1.64 2.65 2.53 2.53 0 0.62 1.72 0.9 3.57 0 0 0 2.73 2.15 0 0.55 1.36 1.91 0 0.31 0 0 1.52 
19 0.52 5.7 3.08 3.94 0.55 0.52 2.09 0 4.89 5.45 4.81 3.76 1.6 1.32 0 0 6.08 0.66 1.88 0.0 2.42 5.27 0.87 0 4.94 1.54 3.45 4.81 1.02 3.51 0.78 0 0.68 2.03 0.87 0 0 0.35 3.58 1.8 0.94 0.08 0 0 2.15 1.02 1.25 2.07 4.05 0.63 0.82 
20 0 0.33 1.13 0.12 4.52 3.01 0 5.07 0 0.42 1.45 1.36 0 3.76 0.78 4.33 0 0 4.42 2.42 0.0 0.99 0 5.19 1.92 4.99 2.92 1.72 0.99 0.39 0 0.86 1.36 1.92 1.54 0 0 2.65 1.54 0 6.87 3.82 0 6.59 0.83 0 0.52 0 0.53 0 0.35 
21 3.01 0 0.23 0 1.72 2.35 0.68 3.02 0 0.22 0.9 0 1.97 3.63 4.71 0 0.94 0 0 5.27 0.99 0.0 0.42 0.8 0 2.15 2.65 1.97 0 0 0 0 0 3.29 0.85 1.98 0.45 0 1.69 2.54 1.12 0 0.87 0 0.68 0.65 1.85 1.49 1.52 0.32 0.27 
22 0.33 0 0.94 0 2.34 3.42 0 3.17 0.2 3.29 4.69 0.99 0 2.96 2.03 0.68 0.3 2.28 0 0.87 0 0.42 0.0 3.29 0.57 0 0 0.92 0 0.7 4.31 0.22 0.43 0.78 1.85 0.33 0.4 2.22 0.37 1.76 5.93 0 3.14 2.28 0.72 1.84 0 1.17 1.05 0.48 0 
23 0 1.98 1.29 0.6 0 2.22 0.68 0.76 1.9 1.68 6.33 0.5 0 0 0.59 2.77 0 0.58 3.04 0 5.19 0.8 3.29 0.0 0 1.29 0.25 0.99 1.09 3.95 6.46 3.04 0.4 0.92 3.14 5.83 1.88 1.49 2.22 0 0.87 3.76 4.42 0.8 4.14 6.59 1.48 3.29 0.85 5.45 2.71 
24 0 1.79 3.86 1.76 1.09 2.34 0 0.23 0.42 0 6.72 0 1.85 0 0.94 2.77 0 4.31 1.98 4.94 1.92 0 0.57 0 0.0 0.23 1.48 1.36 4.81 0.83 0 1.29 0 2.19 0 6.97 3.51 2.34 5.07 3.88 4.33 1.37 4.05 1.13 0.72 3.2 1.66 2.45 0.28 5.83 4.71 
25 0.9 2.03 0 0 0 0 0 0.43 1.29 0 0.78 0 1.48 0.8 0 0 2.77 1.54 0 1.54 4.99 2.15 0 1.29 0.23 0.0 0 0 0 4.8 0 0.72 0 0.8 5.08 2.35 1.07 1.79 0 0 4.05 1.29 0.52 0.43 0 0 0 0 1.48 2.59 0 
26 0 1.11 0 2.35 2.59 2.46 0 0 0.27 5.45 0.87 0 0.6 6.08 0 4.89 0 0 0 3.45 2.92 2.65 0 0.25 1.48 0 0.0 0 0.99 2.22 6.46 0 0 2.39 0 2.16 0.6 2.83 3.48 5.74 8.24 2.07 3.57 2.79 4.99 5.55 0.48 2.22 0.22 0 3.95 
27 0.31 0 1.79 1.66 1.48 0 0 0.74 0 0 0 0 0.99 4.18 0 0 2.16 0 0 4.81 1.72 1.97 0.92 0.99 1.36 0 0 0.0 1.42 2.63 0 1.36 0 0 3.2 0.58 2.4 1.6 0 1.68 0 0.6 0.65 0 0.55 2.4 0.15 0.99 0.31 0.43 0.47 
28 1.79 0 1.11 0.85 2.9 3.48 0 2.45 0 1.37 5.83 1.02 0 5.27 1.52 0.85 0 1.8 1.64 1.02 0.99 0 0 1.09 4.81 0 0.99 1.42 0.0 1.48 2.59 0.37 0 0.95 0 1.17 0 0 1.25 2.11 1.19 0.99 1.02 1.49 4.99 3.51 1.85 0.65 0.82 0 1.97 
29 0 0 0.55 1.6 4.05 1.54 3.48 0.72 0 1.51 1.66 0 2.92 0 0 0 0 0.65 2.65 3.51 0.39 0 0.7 3.95 0.83 4.8 2.22 2.63 1.48 0.0 1.29 0 0.78 0 0.92 1.41 0 0 0 0 4.13 5.36 2.07 3.39 0 3.95 0 2.22 0 1.36 0.68 
30 0 0.53 0 0 0 2.28 2.59 6.84 5.57 0.31 0.85 1.29 0 0 0 3.04 1.41 0 2.53 0.78 0 0 4.31 6.46 0 0 6.46 0 2.59 1.29 0.0 0 1.06 0 0.37 2.22 2.59 1.6 0.92 1.13 0.95 0.82 2.46 1.07 2.82 0.98 0 0.55 4.05 0.39 0.39 
31 0.48 0 0.38 0.59 2.83 1.52 0 0 0 4.94 1.96 0.47 0 6.84 2.22 0 1.91 1.84 2.53 0 0.86 0 0.22 3.04 1.29 0.72 0 1.36 0.37 0 0 0.0 0.38 3.63 0 1.54 0.43 0 3.2 0.97 8.87 3.57 2.39 3.01 0.9 0.99 0 1.49 0 0.7 1.45 
32 0.17 0 0 0.86 0 0.63 0 1.06 1.05 1.17 1.72 0.23 0 0.65 1.02 1.85 0.86 0 0 0.68 1.36 0 0.43 0.4 0 0 0 0 0 0.78 1.06 0.38 0.0 0 1.02 0 0 0 0 2.28 4.8 0 1.52 2.28 0.53 0 0.55 1.17 0.92 0 0 
33 2.09 3.95 3.67 3.33 0 2.53 2.71 5.65 2.11 2.16 1.13 1.91 0.43 1.68 2.83 0.43 1.91 0 0.62 2.03 1.92 3.29 0.78 0.92 2.19 0.8 2.39 0 0.95 0 0 3.63 0 0.0 0 0 5.74 1.69 0.42 0.8 5.19 4.56 3.17 0 0 0.43 0 0 0 0.3 2.63 
34 1.21 2.82 0.78 1.97 3.86 0.82 1.64 0 2.53 0.35 0.25 1.88 1.85 2.19 4.61 2.82 1.13 0.58 1.72 0.87 1.54 0.85 1.85 3.14 0 5.08 0 3.2 0 0.92 0.37 0 1.02 0 0.0 0.5 0.6 0 0.99 1.11 0 3.26 4.33 3.94 1.37 1.21 1.79 3.39 2.59 1.22 0.56 
35 2.4 0 1.79 0.39 0 0 0 4.23 1.91 0 0.72 1.79 0.72 2.66 3.33 4.99 1.48 4.99 0.9 0 0 1.98 0.33 5.83 6.97 2.35 2.16 0.58 1.17 1.41 2.22 1.54 0 0 0.5 0.0 0.37 1.96 0 4.52 7.53 6.49 2.62 7.22 0 0 0 0.8 1.45 0 1.02 
36 2.65 2.92 0.4 1.13 1.0 2.77 0 5.83 0.53 0.62 0 0 0 4.44 5.36 0 1.17 0.97 3.57 0 0 0.45 0.4 1.88 3.51 1.07 0.6 2.4 0 0 2.59 0.43 0 5.74 0.6 0.37 0.0 0.94 3.58 3.33 0 2.89 0 5.46 0 5.93 0 4.99 3.76 4.05 0.53 
37 1.11 2.82 0.52 0.77 0 0 1.66 5.45 0.67 2.79 1.79 0 0 2.54 0 0.12 1.06 0 0 0.35 2.65 0 2.22 1.49 2.34 1.79 2.83 1.6 0 0 1.6 0 0 1.69 0 1.96 0.94 0.0 2.28 1.06 1.91 0.86 0.27 0.82 0.43 0.8 0.66 0 3.11 2.15 0 
38 0.59 1.11 1.32 0.48 1.6 0 0 2.4 0 0.89 1.9 0 0.23 2.53 0 0 0.55 2.66 0 3.58 1.54 1.69 0.37 2.22 5.07 0 3.48 0 1.25 0 0.92 3.2 0 0.42 0.99 0 3.58 2.28 0.0 0.94 6.21 0.65 4.31 6.21 2.35 3.17 0 0.33 0.47 0.89 0.68 
39 0 0.72 0 0 2.46 0.4 0.82 0 6.84 2.41 1.27 1.21 0 0.9 0 2.16 0 0 0 1.8 0 2.54 1.76 0 3.88 0 5.74 1.68 2.11 0 1.13 0.97 2.28 0.8 1.11 4.52 3.33 1.06 0.94 0.0 0 3.02 4.81 1.2 2.73 2.53 0 0 6.59 0.28 2.07 
40 3.95 7.1 0 1.24 2.35 5.32 2.71 7.35 3.76 6.84 0.8 3.08 0.6 2.41 0 1.25 0.97 0 2.73 0.94 6.87 1.12 5.93 0.87 4.33 4.05 8.24 0 1.19 4.13 0.95 8.87 4.8 5.19 0 7.53 0 1.91 6.21 0 0.0 1.52 0.63 3.57 1.02 3.2 5.32 3.01 0 6.08 7.48 
41 1.85 2.71 1.96 2.46 1.65 3.01 0 1.8 1.92 4.14 2.53 1.56 2.35 0.55 0.98 3.29 0.8 0.7 2.15 0.08 3.82 0 0 3.76 1.37 1.29 2.07 0.6 0.99 5.36 0.82 3.57 0 4.56 3.26 6.49 2.89 0.86 0.65 3.02 1.52 0.0 0 1.84 1.23 0 0.52 2.66 3.76 1.52 3.08 
42 3.93 1.72 4.52 5.83 0 3.42 4.69 0.89 3.2 0.63 1.91 1.45 2.26 0.82 3.11 1.51 1.68 1.77 0 0 0 0.87 3.14 4.42 4.05 0.52 3.57 0.65 1.02 2.07 2.46 2.39 1.52 3.17 4.33 2.62 0 0.27 4.31 4.81 0.63 0 0.0 0 0.17 0 3.93 1.36 5.7 4.05 0.73 
43 0 4.31 0 5.95 2.46 2.96 0 0.2 1.6 2.19 0 0.72 2.53 3.67 2.16 7.22 4.89 0 0.55 0 6.59 0 2.28 0.8 1.13 0.43 2.79 0 1.49 3.39 1.07 3.01 2.28 0 3.94 7.22 5.46 0.82 6.21 1.2 3.57 1.84 0 0.0 2.15 7.98 0 0 2.66 0 0 
44 0 3.48 2.34 4.99 0 0.7 0 6.21 0.78 3.55 1.29 1.09 0 2.45 1.25 0.37 0 0 1.36 2.15 0.83 0.68 0.72 4.14 0.72 0 4.99 0.55 4.99 0 2.82 0.9 0.53 0 1.37 0 0 0.43 2.35 2.73 1.02 1.23 0.17 2.15 0.0 0 0 0.28 0.67 2.79 0 
45 0 0 3.76 0 0 0 0.68 2.23 3.2 3.29 0 1.91 0.38 3.48 2.53 0.56 2.03 0 1.91 1.02 0 0.65 1.84 6.59 3.2 0 5.55 2.4 3.51 3.95 0.98 0.99 0 0.43 1.21 0 5.93 0.8 3.17 2.53 3.2 0 0 7.98 0 0.0 1.13 0 0.78 2.53 0 
46 0 0.51 0 0 0 0 0 0 0 0 0 0 0 0.5 1.23 0.9 0.78 0.63 0 1.25 0.52 1.85 0 1.48 1.66 0 0.48 0.15 1.85 0 0 0 0.55 0 1.79 0 0 0.66 0 0 5.32 0.52 3.93 0 0 1.13 0.0 0.55 0.66 0.74 0.94 
47 0 1.42 1.79 2.53 0.12 0 0.92 4.05 1.85 0 0 0 0.37 0 0 1.17 0.47 0.15 0.31 2.07 0 1.49 1.17 3.29 2.45 0 2.22 0.99 0.65 2.22 0.55 1.49 1.17 0 3.39 0.8 4.99 0 0.33 0 3.01 2.66 1.36 0 0.28 0 0.55 0.0 0 1.42 1.91 
48 0.59 0.2 0.94 0.47 1.13 3.67 0.49 1.04 0.55 2.09 0.7 0 0 3.39 0 0 2.82 0 0 4.05 0.53 1.52 1.05 0.85 0.28 1.48 0.22 0.31 0.82 0 4.05 0 0.92 0 2.59 1.45 3.76 3.11 0.47 6.59 0 3.76 5.7 2.66 0.67 0.78 0.66 0 0.0 2.16 3.29 
49 0 3.29 0.82 0 0.47 0.31 2.03 4.33 0.63 0.76 0.12 0.55 0 0 0 1.51 0.51 1.98 0 0.63 0 0.32 0.48 5.45 5.83 2.59 0 0.43 0 1.36 0.39 0.7 0 0.3 1.22 0 4.05 2.15 0.89 0.28 6.08 1.52 4.05 0 2.79 2.53 0.74 1.42 2.16 0.0 1.13 
50 0 0.94 0 2.54 0 0 3.39 1.8 1.37 0.2 0.63 0 0 3.2 1.72 2.73 0.47 3.01 1.52 0.82 0.35 0.27 0 2.71 4.71 0 3.95 0.47 1.97 0.68 0.39 1.45 0 2.63 0.56 1.02 0.53 0 0.68 2.07 7.48 3.08 0.73 0 0 0 0.94 1.91 3.29 1.13 0.0 

;