set O:= 0;
set N:= 1 2 3 4 5 6 7 8 9 10 11 12 13 14 15 16 17 18 19 20 21 22 23 24 25 26 27 28 29 30 31 32 33 34 35 36 37 38 39 40 41 42 43 44 45 46 47 48 49 50 51 52 53 54 55 56 57 58 59 60 61 62 63 64;
set K:= 1 2 3 4 5 6 7 8 9 10;
param V:= 10;
param cp:= 130;
param dm:= 2.0;
param o:=
0 0
1 18
2 26
3 11
4 30
5 21
6 19
7 15
8 16
9 29
10 26
11 37
12 16
13 12
14 31
15 8
16 19
17 20
18 13
19 15
20 22
21 28
22 12
23 6
24 27
25 14
26 18
27 17
28 29
29 13
30 22
31 25
32 28
33 27
34 19
35 10
36 12
37 14
38 24
39 16
40 33
41 15
42 11
43 18
44 17
45 21
46 27
47 19
48 20
49 5
50 22
51 12
52 19
53 22
54 16
55 7
56 26
57 14
58 21
59 24
60 13
61 15
62 18
63 11
64 28
;
param c[*,*]
: 0 1 2 3 4 5 6 7 8 9 10 11 12 13 14 15 16 17 18 19 20 21 22 23 24 25 26 27 28 29 30 31 32 33 34 35 36 37 38 39 40 41 42 43 44 45 46 47 48 49 50 51 52 53 54 55 56 57 58 59 60 61 62 63 64:=
0 0 6 5 4 5 11 3 4 4188 6 29 10 7 6143 9 9749 7 2234 8 7 16 9749 22 9 7 29 2 18 8666 7 6 21 10 4747 6 5026 11915 11554 29 8 16 16 7994 9 5 6 3 10 29 7 7 4 5 6143 30 12 9 40 6 13 17 12277 32 4885 38 
1 6 0 4 5107 7 15 7 11 11168 10 13 12 28 12 12 18 3 5 9 13123 20 5 2 11 11 9326 6661 12 4 7 5 13 9 1776 9214 13 12277 13721 22 9 6439 5 3 1332 5773 7 39 10110 12 3997 15 16 9772 13 17 11 4 19 19 28 16248 6 7 2 4 
2 5 4 0 5 4333 8 3 7539 9 7550 11 31 9027 8 29 38 6499 13 10 19 11554 7 5777 11 7328 10 7 5584 14 23 3 17 7 3611 11 8376 11 12 11448 11 9 7 21 5 23 5055 6 25 9 12 9 6 6 16 38 14 6661 10471 19 18054 25 29 3 7 26 
3 4 5107 5 0 6 15 4 8 9493 6 7818 17 13 13 9 66 4 2665 3553 23 24 14 12 5 4 4 4441 9772 11554 7994 6 18 7 14 32 19 17332 22 12 5 2 8 28 5773 666 7 10 59 10 2 2665 4 9214 10 12844 24 22 21 13 23 43 14804 9388 4 10 
4 5 7 4333 6 0 8 5 4188 4 27 10 14 6499 5 39 9 35 11 9104 7 10471 16 10471 8 11 11 3972 2792 7583 3972 3 12006 7 7 1954 5 12 9 8655 8097 30 8216 8 15 6 3 3 14 20 15 8 5777 3 17 7 12 9 15 28 13721 12999 12 15 6 9326 
5 11 15 8 15 8 0 9388 22 36 69 17332 18 12999 7 17 3 13360 12 23 11 4333 4694 10471 32 38 23 21 6 29 9 4694 27 66 10832 14 12 14 3 17 19 14082 62 14443 28 20 4 9 3 2528 21 19 14 8 17 8666 48 17693 4333 61 17 13 8 36 13 15 
6 3 7 3 4 5 9388 0 7 13 22 8935 11 19 9 10331 11 4 6 14 18 15 10 9 4885 7 8 5 8 8 7222 4333 12 5 2234 10 9 11 11915 12 15 9 6 5773 5 4 12 6 9027 6860 4663 6217 1675 7 17 11 12 6217 23 9 16 17 10 6 3 30 
7 4 11 7539 8 4188 22 7 0 1954 6980 20 17 5 7 4 10110 9 10 11 3 14082 41 12285 12285 13 11 3 18 41 8 6980 9 31 35 3 6 14443 12999 9 6 5584 17 16 14 8097 7 2 12638 32 44 20 6422 13 9 5305 25 14 9749 4 7 17332 14 10 11 15915 
8 4188 11168 9 9493 4 36 13 1954 0 18 8 6 11 4 7 8 10 8 16 8 12 10 24 13123 15 47 16 3 10 5 6143 12 9214 18 8 6 16 14 6 8097 14 18 28 26 12 17 1 10832 6980 13 23 7259 1954 3 7 18 14519 14 7 7 14804 13 39 42 31 
9 6 10 7550 6 27 69 22 6980 18 0 5 8 3 12 7994 36 20 3553 5 10331 27 22 16609 9 5 3 4219 11 19 9326 10 4747 1554 27 17 9 25 19859 6143 1117 1998 39 11 11 2665 8216 8 20 19 5551 5 9 11 26 14 5 11 23 5 9770 30 19 28 26 15 
10 29 13 11 7818 10 17332 8935 20 8 5 0 5 4188 11 8 34 12 8 18 7818 42 38 19498 10436 11168 13 6 12 18054 46 45 5 6143 44 9 7 21 78 1954 3071 6 25 25 12 15 10 8 23 14 12 15 8097 35 4747 40 10 11769 16609 2 10 48 87 17 9104 16 
11 10 12 31 17 14 18 11 17 6 8 5 0 8 10 3 15 12285 9 10214 20 18776 21 21303 25 12 11 6 11 75 16 14443 15 31 12844 6980 4188 22 23 3 28 16 18 18 27 34 12638 8 18 18 44 9 10051 15 2 7 40 56 14082 5 3 88 22 23 14 16 
12 7 28 9027 13 6499 12999 19 5 11 3 4188 8 0 9 30 55 22 4 5773 15 19 56 16 8 6439 4885 4 7259 13 10832 9 9 4 13 20 11 16 16 11 3 2 36 37 8216 4 18 5 14082 13 6 4 7 7 5584 9214 6883 11 55 3 41 40 20 12 22 11 
13 6143 12 8 13 5 7 9 7 4 12 11 10 9 0 6143 3972 11448 9 32 15 15 16 23 14 15 30 6422 1954 37 4 6 14240 13 13 5 6 19 29 19 12 9772 30 18 54 48 15 4 8 21 14 28 10 2 7 1954 17311 15636 3 10 8376 12 10610 39 11727 17 
14 9 12 29 9 39 17 10331 4 7 7994 8 3 30 6143 0 11915 51 11 11769 3 19 16971 20220 16 50 10 6 7 71 12 14 10051 36 12564 5584 10 16971 15 5 11 9 18 56 52 36 10471 5026 16 17 13 21 13 11 3 4467 15 18 43 6143 2 77 20581 22 14 62 
15 9749 18 38 66 9 3 11 10110 8 36 34 15 55 3972 11915 0 19 16 44 9 3611 8 17 37 42 22 10832 4 13 4 6860 24 17693 26 7222 9388 6 4 16 69 19 18054 69 16609 68 4694 30 5416 5 74 20220 26 12 15 7 25 22 1444 15 14 29 11193 46 19 20 
16 7 3 6499 4 35 13360 4 9 10 20 12 12285 22 11448 51 19 0 3909 20 11727 18 11554 10 3 3 25 6 9493 9 12 8666 46 15 9 8097 40 30 32 44 8 5 5 6 3775 3 42 17 16 10832 4 4441 9 9214 44 13 16 4 64 34 17 38 15 8 3 14 
17 2234 5 13 2665 11 12 6 10 8 3553 8 9 4 9 11 16 3909 0 5773 10 18 13 45 7 5773 5551 2 7 20 12 7 18 3 5 6 6143 18 14 7259 4 2 9 7550 7 3 9 20 24 11 19 4663 2 12 28 38 15 7328 14 9 13 36 17 17 4219 37 
18 8 9 10 3553 9104 23 14 11 16 5 18 10214 5773 32 11769 44 20 5773 0 59 25275 20 17 6217 12 2 7 14 68 46 9992 8097 3 14 25 16 92 26 14 7 19 8660 9 9 3109 10658 14 82 14 4 3 23 17 20 16473 4 7 22748 17 14 27081 40 30 6217 11 
19 7 13123 19 23 7 11 18 3 8 10331 7818 20 15 15 3 9 11727 10 59 0 15 44 16 15 15356 26 12 4188 13 13 9 11 12 22 4 2 14 13 26 12 36 18 16 15 11448 7 4 51 34 16 15 11 4 12 4 31 16752 8 6980 6 32 27 13 50 20 
20 16 20 11554 24 10471 4333 15 14082 12 27 42 18776 19 15 19 3611 18 18 25275 15 0 32 16 20220 29 25275 14443 7944 45 13 10 51 20942 30 43 13 5 9 79 21 72 39 18 18054 25 9 22 6 9 21 30 18 9 15887 12 57 24 19 21 18 14 11193 52 17 37 
21 9749 5 7 14 16 4694 10 41 10 22 38 21 56 16 16971 8 11554 13 20 44 32 0 8 10 19 41 48 26 3 5 5 26 16 8666 7539 10610 5 6 19137 17693 16 7 7 6 19 8 32 4 6 18 37 10832 7 32 11 24 8660 9 68 21 8 4 5 6439 7 
22 22 2 5777 12 10471 10471 9 12285 24 16609 19498 21303 16 23 20220 17 10 45 17 16 16 8 0 4663 14 18 13 9772 4 21 7583 45 58 7 40 16 13 49 23 21 53 3 5 5 16 21 13 35 8305 11 16 38 10 38 14 27 5107 15 22 97 14082 4333 3 3997 12 
23 9 11 11 5 8 32 4885 12285 13123 9 10436 25 8 14 16 37 3 7 6217 15 20220 10 4663 0 3 16 8 12285 7 9104 7106 11546 12 4 45 13681 21 23 23 8 7 10 12 4 20 8660 11727 14804 33 2220 25 4663 49 11546 20 9 1 22 9548 31 42 9 4 1998 5107 
24 7 11 7328 4 11 38 7 13 15 5 11168 12 6439 15 50 42 3 5773 12 15356 29 19 14 3 0 6 15 13402 13721 13 9 14 5 6 12 13402 41 43 12844 16 21 7 27 22 3 20 12285 74 11 1554 3331 10 13123 14 19 7 4 43 13 15 31 21 23 3997 8438 
25 29 9326 10 4 11 23 8 11 47 3 13 11 4885 30 10 22 25 5551 2 26 25275 41 18 16 6 0 7 15 20 11324 10 10 3 16 11168 22 29 23470 10 4 4219 21 12 11 4 13 11 24 11769 5773 2 24 12564 17 31 8 36 22 26 15 27 28 16248 7550 13101 
26 2 6661 7 4441 3972 21 5 3 16 4219 6 6 4 6422 6 10832 6 2 7 12 14443 48 13 8 15 7 0 6 10832 32 7222 11 5 12 3 16 17 52 22 19 3071 11 18 7994 4441 6499 6 11554 18 7 5995 4 8 19 7259 11 8882 10832 3909 11 34 18 20 6 43 
27 18 12 5584 9772 2792 6 8 18 3 11 12 11 7259 1954 7 4 9493 7 14 4188 7944 26 9772 12285 13402 15 6 0 7259 2234 5 13402 13 10 1954 9 8666 6860 9 40 8 14 14 14 20 1675 4 6860 16 24 16 9 1 6422 15 32 14 5 17 12 11 12 31 9772 14 
28 8666 4 14 11554 7583 29 8 41 10 19 18054 75 13 37 71 13 9 20 68 13 45 3 4 7 13721 20 10832 7259 0 27 9 21665 16 7 9 44 7 10 23 20 14 6 5 5 12277 29 8376 11 19 11 64 8305 8097 20 11 24 6661 11193 20 24 11 3611 3 6 5 
29 7 7 23 7994 3972 9 7222 8 5 9326 46 16 10832 4 12 4 12 12 46 13 13 5 21 9104 13 11324 32 2234 27 0 13 15 18 10 16 6701 6 5 11 12 23 36 11 32 9 1444 4 16 2 36 42 38 3350 14 23 13323 10 5 13 15 36 10 32 14 19 
30 6 5 3 6 3 4694 4333 6980 6143 10 45 14443 9 6 14 6860 8666 7 9992 9 10 5 7583 7106 9 10 7222 5 9 13 0 14 30 6 17 29 27 14 22 40 11 8 13 7 28 4 5 9 10 9 18 8 9 24 16 15 33 32 38 16609 14 8 10 5107 7772 
31 21 13 17 18 12006 27 12 9 12 4747 5 15 9 14240 10051 24 46 18 8097 11 51 26 45 11546 14 10 11 13402 21665 15 14 0 13 52 12 39 31 27 20 5 7259 27 18 52 10 17 12 91 16 13 14 10 49 8376 14 5863 50 43 6 22 32 25275 22 10436 64 
32 10 9 7 7 7 66 5 31 9214 1554 6143 31 4 13 36 17693 15 3 3 12 20942 16 58 12 5 3 5 13 16 18 30 13 0 5 17 9 21 24 8 2792 7 8 11 7550 2 10 8655 16971 9104 4 2 4 20 15 51 9 7 18 11 14 23109 35 11915 5107 43 
33 4747 1776 3611 14 7 10832 2234 35 18 27 44 12844 13 13 12564 26 9 5 14 22 30 8666 7 4 6 16 12 10 7 10 6 52 5 0 8 10 11915 12999 13 17 5863 3997 3997 3 5 35 9 10 8 4 6439 3 8 45 12 11 4441 56 12 15636 16 10 6 3 5773 
34 6 9214 11 32 1954 14 10 3 8 17 9 6980 20 5 5584 7222 8097 6 25 4 43 7539 40 45 12 11168 3 1954 9 16 17 12 17 8 0 4 14 10 29 31 6 25 48 44 17 6 2 9027 21 10610 10610 23 1 4747 5 28 16 9 8 10 13721 10 7818 35 13681 
35 5026 13 8376 19 5 12 9 6 6 9 7 4188 11 6 10 9388 40 6143 16 2 13 10610 16 13681 13402 22 16 9 44 6701 29 39 9 10 4 0 58 25 5 7259 28 60 18 13681 9 6 2 16 16 12 22 8 4 4 4188 55 17 18 6 22 17 16 11 14 19 
36 11915 12277 11 17332 12 14 11 14443 16 25 21 22 16 19 16971 6 30 18 92 14 5 5 13 21 41 29 17 8666 7 6 27 31 21 11915 14 58 0 3 20220 79 17 19 14 56 18 7222 13 2166 4333 18054 27 55 13 34 48 27 18 29 18415 20 3972 6 38 14082 16 
37 11554 13721 12 22 9 3 11915 12999 14 19859 78 23 16 29 15 4 32 14 26 13 9 6 49 23 43 23470 52 6860 10 5 14 27 24 12999 10 25 3 0 18776 24 33 22 18 18 74 26 40 4 4694 19137 22 18 33 17 9388 33 78 9 22 36 3972 18 10832 15165 18 
38 29 22 11448 12 8655 17 12 9 6 6143 1954 3 11 19 5 16 44 7259 14 26 79 19137 23 23 12844 10 22 9 23 11 22 20 8 13 29 5 20220 18776 0 6 6422 15 13545 12435 35 10051 8 37 14 12285 37 8935 16 3350 11 11 14 15165 3 7 92 24 17693 10 19 
39 8 9 11 5 8097 19 15 6 8097 1117 3071 28 3 12 11 69 8 4 7 12 21 17693 21 8 16 4 19 40 20 12 40 5 2792 17 31 7259 79 24 6 0 3 20 10658 11 17 10051 9 20 11727 9 4188 23 8935 14 11 6 12 17332 6 45 94 24 58 14 25 
40 16 6439 9 2 30 14082 9 5584 14 1998 6 16 2 9772 9 19 5 2 19 36 72 16 53 7 21 4219 3071 8 14 23 11 7259 7 5863 6 28 17 33 6422 3 0 8216 11 15 2 40 6143 58 12 4663 3553 3071 8 8 12 7 7550 30 8 11727 41 18 12 6 21 
41 16 5 7 8 8216 62 6 17 18 39 25 18 36 30 18 18054 5 9 8660 18 39 7 3 10 7 21 11 14 6 36 8 27 8 3997 25 60 19 22 15 20 8216 0 1 1 14 9 14 13721 32 6 17 12 26 13 67 24 2 24 11 18 19137 7 8 3331 3 
42 7994 3 21 28 8 14443 5773 16 28 11 25 18 37 18 56 69 6 7550 9 16 18 7 5 12 27 12 18 14 5 11 13 18 11 3997 48 18 14 18 13545 10658 11 1 0 1 8 8 12564 25 7328 5329 10 6217 12564 14 16 25 4 18415 11546 21 18054 10 7 3553 4 
43 9 1332 5 5773 15 28 5 14 26 11 12 27 8216 54 52 16609 3775 7 9 15 18054 6 5 4 22 11 7994 14 5 32 7 52 7550 3 44 13681 56 18 12435 11 15 1 1 0 8 7772 11 12 7106 4 8 5107 13 24 19 11324 5 20 10436 16 18054 6 3 3 4 
44 5 5773 23 666 6 20 4 8097 12 2665 15 34 4 48 36 68 3 3 3109 11448 25 19 16 20 3 4 4441 20 12277 9 28 10 2 5 17 9 18 74 35 17 2 14 8 8 0 8 8 31 11 2887 2 2665 11 8 12844 21 7 69 6143 45 28 15887 13 3997 19 
45 6 7 5055 7 3 4 12 7 17 8216 10 12638 18 15 10471 4694 42 9 10658 7 9 8 21 8660 20 13 6499 1675 29 1444 4 17 10 35 6 6 7222 26 10051 10051 40 9 8 7772 8 0 13 5 4 8438 11 10 2 39 6 12435 20 22 8655 14082 12 9749 32 13 10 
46 3 39 6 10 3 9 6 2 1 8 8 8 5 4 5026 30 17 20 14 4 22 32 13 11727 12285 11 6 4 8376 4 5 12 8655 9 2 2 13 40 8 9 6143 14 12564 11 8 13 0 9749 23 44 21 6143 6 5 9 55 27 7222 5863 8 14 14 8 9 14240 
47 10 10110 25 59 14 3 9027 12638 10832 20 23 18 14082 8 16 5416 16 24 82 51 6 4 35 14804 74 24 11554 6860 11 16 9 91 16971 10 9027 16 2166 4 37 20 58 13721 25 12 31 5 9749 0 2 15887 77 11193 8 15 11193 49 16 6860 16609 19 6138 5777 29 48 14 
48 29 12 9 10 20 2528 6860 32 6980 19 14 18 13 21 17 5 10832 11 14 34 9 6 8305 33 11 11769 18 16 19 2 10 16 9104 8 21 16 4333 4694 14 11727 12 32 7328 7106 11 4 23 2 0 17 10658 9388 6 12999 8 15 12 8 44 22 8 6860 6499 8 32 
49 7 3997 12 2 15 21 4663 44 13 5551 12 44 6 14 13 74 4 19 4 16 21 18 11 2220 1554 5773 7 24 11 36 9 13 4 4 10610 12 18054 19137 12285 9 4663 6 5329 4 2887 8438 44 15887 17 0 3997 3775 23 10436 17 7106 3 78 9772 28 28 14443 18 10 7328 
50 7 15 9 2665 8 19 6217 20 23 5 15 9 4 28 21 20220 4441 4663 3 15 30 37 16 25 3331 2 5995 16 64 42 18 14 2 6439 10610 22 27 22 37 4188 3553 17 10 8 2 11 21 77 10658 3997 0 20 12 11 15 3 28 21 6980 49 28 22 18 6 23 
51 4 16 6 4 5777 14 1675 6422 7259 9 8097 10051 7 10 13 26 9 2 23 11 18 10832 38 4663 10 24 4 9 8305 38 8 10 4 3 23 8 55 18 8935 23 3071 12 6217 5107 2665 10 6143 11193 9388 3775 20 0 14 11 21 16 6 13 7 54 18 11915 27 2665 7994 
52 5 9772 6 9214 3 8 7 13 1954 11 35 15 7 2 11 12 9214 12 17 4 9 7 10 49 13123 12564 8 1 8097 3350 9 49 20 8 1 4 13 33 16 8935 8 26 12564 13 11 2 6 8 6 23 12 14 0 5305 7 19 15 5416 7259 9 12638 10 9 12 14 
53 6143 13 16 10 17 17 17 9 3 26 4747 2 5584 7 3 15 44 28 20 12 15887 32 38 11546 14 17 19 6422 20 14 24 8376 15 45 4747 4 34 17 3350 14 8 13 14 24 8 39 5 15 12999 10436 11 11 5305 0 11 13 16 11193 4 7 19 39 15887 9770 14433 
54 30 17 38 12844 7 8666 11 5305 7 14 40 7 9214 1954 4467 7 13 38 16473 4 12 11 14 20 19 31 7259 15 11 23 16 14 51 12 5 4188 48 9388 11 11 12 67 16 19 12844 6 9 11193 8 17 15 21 7 11 0 18 18 10 37 6 17 14 47 15 17590 
55 12 11 14 24 12 48 12 25 18 5 10 40 6883 17311 15 25 16 15 4 31 57 24 27 9 7 8 11 32 24 13323 15 5863 9 11 28 55 27 33 11 6 7 24 25 11324 21 12435 55 49 15 7106 3 16 19 13 18 0 10 24914 8655 15 34 50 19 18 14433 
56 9 4 6661 22 9 17693 6217 14 14519 11 11769 56 11 15636 18 22 4 7328 7 16752 24 8660 5107 1 4 36 8882 14 6661 10 33 50 7 4441 16 17 18 78 14 12 7550 2 4 5 7 20 27 16 12 3 28 6 15 16 18 10 0 43 10658 33 22026 8 5329 3109 5 
57 40 19 10471 21 15 4333 23 9749 14 23 16609 14082 55 3 43 1444 64 14 22748 8 19 9 15 22 43 22 10832 5 11193 5 32 43 18 56 9 18 29 9 15165 17332 30 24 18415 20 69 22 7222 6860 8 78 21 13 5416 11193 10 24914 43 0 16 17 8 12638 14 65 22 
58 6 19 19 13 28 61 9 4 7 5 2 5 3 10 6143 15 34 9 17 6980 21 68 22 9548 13 26 3909 17 20 13 38 6 11 12 8 6 18415 22 3 6 8 11 11546 10436 6143 8655 5863 16609 44 9772 6980 7 7259 4 37 8655 10658 16 0 8 24 19498 14804 32 27 
59 13 28 18054 23 13721 17 16 7 7 9770 10 3 41 8376 2 14 17 13 14 6 18 21 97 31 15 15 11 12 24 15 16609 22 14 15636 10 22 20 36 7 45 11727 18 21 16 45 14082 8 19 22 28 49 54 9 7 6 15 33 17 8 0 87 27 21303 13323 17764 
60 17 16248 25 43 12999 13 17 17332 14804 30 48 88 40 12 77 29 38 36 27081 32 14 8 14082 42 31 27 34 11 11 36 14 32 23109 16 13721 17 3972 3972 92 94 41 19137 18054 18054 28 12 14 6138 8 28 28 18 12638 19 17 34 22026 8 24 87 0 13 13360 20 22 
61 12277 6 29 14804 12 8 10 14 13 19 87 22 20 10610 20581 11193 15 17 40 27 11193 4 4333 9 21 28 18 12 3611 10 8 25275 35 10 10 16 6 18 24 24 18 7 10 6 15887 9749 14 5777 6860 14443 22 11915 10 39 14 50 8 12638 19498 27 13 0 7 6217 19 
62 32 7 3 9388 15 36 6 10 39 28 17 23 12 39 22 46 8 17 30 13 52 5 3 4 23 16248 20 31 3 32 10 22 11915 6 7818 11 38 10832 17693 58 12 8 7 3 13 32 8 29 6499 18 18 27 9 15887 47 19 5329 14 14804 21303 13360 7 0 3 6 
63 4885 2 7 4 6 13 3 11 42 26 9104 14 22 11727 14 19 3 4219 6217 50 17 6439 3997 1998 3997 7550 6 9772 6 14 5107 10436 5107 3 35 14 14082 15165 10 14 6 3331 3553 3 3997 13 9 48 8 10 6 2665 12 9770 15 18 3109 65 32 13323 20 6217 3 0 6 
64 38 4 26 10 9326 15 30 15915 31 15 16 16 11 17 62 20 14 37 11 20 37 7 12 5107 8438 13101 43 14 5 19 7772 64 43 5773 13681 19 16 18 19 25 21 3 4 4 19 10 14240 14 32 7328 23 7994 14 14433 17590 14433 5 22 27 17764 22 19 6 6 0 

;param cto[*,*]
: 0 1 2 3 4 5 6 7 8 9 10 11 12 13 14 15 16 17 18 19 20 21 22 23 24 25 26 27 28 29 30 31 32 33 34 35 36 37 38 39 40 41 42 43 44 45 46 47 48 49 50 51 52 53 54 55 56 57 58 59 60 61 62 63 64:=
0 0 46 44 45 39 42 43 44 40 42 42 43 40 42 43 43 41 39 48 42 44 43 43 43 48 44 39 41 42 41 40 44 42 41 40 41 44 44 42 42 40 44 44 43 41 40 44 42 41 43 43 40 40 42 43 45 44 43 45 45 46 44 42 42 46 
1 46 0 40 42 42 44 41 49 45 44 46 51 43 49 51 45 44 46 44 46 46 46 43 40 42 45 43 44 40 47 42 47 43 39 44 46 44 45 47 45 43 40 40 39 42 43 44 43 42 41 44 41 44 46 46 50 41 46 45 49 46 42 39 43 45 
2 44 40 0 46 40 41 43 43 42 44 49 46 42 46 45 42 41 41 45 44 44 40 41 42 44 45 45 41 40 41 43 47 47 40 41 43 42 42 45 44 46 42 42 42 42 40 45 41 40 42 44 40 45 44 44 47 43 43 44 47 44 41 43 41 43 
3 45 42 46 0 42 49 41 47 44 40 43 45 40 45 49 46 39 40 41 45 47 49 47 41 40 45 41 44 44 44 47 44 39 41 43 44 46 47 44 41 40 43 43 42 38 47 43 45 44 44 40 40 44 44 46 43 42 46 42 47 48 45 42 40 45 
4 39 42 40 42 0 41 40 40 40 43 43 43 41 41 43 41 42 40 45 42 43 42 43 48 45 45 40 40 42 40 43 46 43 45 39 45 42 46 43 43 42 44 48 44 46 39 39 41 40 44 48 41 43 42 42 47 49 42 42 45 44 43 42 46 45 
5 42 44 41 49 41 0 42 43 42 46 46 46 44 41 44 39 44 47 48 43 40 40 43 46 47 48 43 40 41 39 40 49 46 43 41 43 40 43 50 46 45 46 45 45 46 44 42 39 39 46 51 44 41 44 42 50 47 40 45 50 41 46 42 48 49 
6 43 41 43 41 40 42 0 42 42 42 44 48 41 43 44 47 40 40 44 44 45 42 42 42 43 44 40 42 41 41 40 49 45 39 41 43 47 44 44 42 41 46 42 46 45 41 41 42 41 42 43 39 42 43 44 45 43 44 42 46 46 47 40 44 44 
7 44 49 43 47 40 43 42 0 39 42 41 40 40 41 40 43 47 41 49 44 45 44 46 46 46 44 43 41 44 42 42 47 43 43 40 39 45 44 41 46 41 47 47 46 43 41 39 44 43 45 44 42 40 39 41 46 51 43 40 46 46 46 48 44 48 
8 40 45 42 44 40 42 42 39 0 44 42 45 41 40 40 46 48 42 46 39 47 44 46 46 46 45 40 44 48 45 42 45 44 44 39 39 44 43 46 43 42 47 47 46 44 40 42 43 42 46 45 42 39 44 40 47 47 41 42 46 45 46 44 45 48 
9 42 44 44 40 43 46 42 42 44 0 40 43 40 49 44 47 42 41 41 44 49 47 46 44 46 40 41 48 46 45 44 41 39 43 43 43 48 48 42 38 39 46 46 45 40 44 47 47 46 42 40 41 44 43 46 41 45 47 40 46 50 51 45 43 48 
10 42 46 49 43 43 46 44 41 42 40 0 40 40 48 42 46 44 42 44 43 48 47 47 46 45 42 41 44 47 45 45 40 42 45 43 42 52 47 39 40 41 48 48 51 42 48 42 47 46 45 42 43 43 41 44 43 47 46 43 43 50 49 50 45 49 
11 43 51 46 45 43 46 48 40 45 43 40 0 42 43 40 49 46 43 46 41 47 47 48 48 51 45 46 43 47 45 45 42 44 46 42 40 48 47 39 42 43 49 49 49 45 44 42 51 46 47 49 44 43 39 46 46 49 45 40 44 49 53 47 47 55 
12 40 43 42 40 41 44 41 40 41 40 40 42 0 47 43 45 41 39 42 43 46 45 45 44 43 42 39 42 48 43 46 42 40 42 41 41 50 49 41 43 39 45 45 44 40 42 45 45 44 42 45 40 42 41 44 43 45 45 43 44 48 46 43 42 51 
13 42 49 46 45 41 41 43 41 40 49 48 43 47 0 42 40 45 43 48 40 42 43 45 51 51 47 42 39 44 44 45 47 46 44 40 41 42 41 44 45 44 47 47 46 46 40 40 46 41 51 47 44 39 42 39 49 48 39 44 43 43 45 44 45 48 
14 43 51 45 49 43 44 44 40 40 44 42 40 43 42 0 44 46 43 47 43 46 46 48 48 48 50 46 46 47 47 44 44 45 46 41 39 46 49 41 44 47 49 49 48 45 43 41 49 45 47 46 44 41 39 41 47 49 43 42 40 47 48 46 47 50 
15 43 45 42 46 41 39 47 43 46 47 46 49 45 40 44 0 45 44 49 46 40 42 44 47 48 52 43 44 43 40 41 49 47 44 41 42 44 39 49 46 45 47 46 46 46 40 42 40 44 47 48 44 41 44 41 54 48 38 49 49 41 43 44 45 47 
16 41 44 41 39 42 44 40 47 48 42 44 46 41 45 46 45 0 40 42 45 51 44 42 40 44 43 46 44 46 47 42 45 41 39 43 44 45 46 45 42 41 42 42 41 40 43 43 44 43 39 41 39 44 45 50 44 45 46 43 48 47 44 41 39 43 
17 39 46 41 40 40 47 40 41 42 41 42 43 39 43 43 44 40 0 42 43 46 44 43 43 42 42 43 42 43 42 45 44 44 41 41 42 45 49 42 44 43 44 44 47 40 42 41 44 43 42 42 39 42 42 44 44 44 44 41 45 47 45 42 41 45 
18 48 44 45 41 45 48 44 49 46 41 44 46 42 48 47 49 42 42 0 47 50 51 50 43 40 44 48 51 46 47 46 43 44 43 46 46 49 49 45 42 42 45 49 44 40 46 46 48 47 45 39 42 46 46 48 40 47 49 43 53 51 48 45 43 51 
19 42 46 44 45 42 43 44 44 39 44 43 41 43 40 43 46 45 43 47 0 44 45 47 51 48 46 42 40 45 42 43 49 45 45 40 43 48 44 42 44 44 48 52 51 45 42 40 44 43 47 46 44 40 40 39 48 49 45 42 41 46 47 45 46 49 
20 44 46 44 47 43 40 45 45 47 49 48 47 46 42 46 40 51 46 50 44 0 42 45 48 49 50 45 42 43 41 42 51 48 45 43 48 40 39 48 52 47 47 51 47 48 42 43 44 41 52 50 46 46 46 43 52 49 40 47 51 40 43 44 50 47 
21 43 46 40 49 42 40 42 44 44 47 47 47 45 43 46 42 44 44 51 45 42 0 41 44 46 48 44 42 43 44 40 49 50 42 43 45 40 41 47 47 45 47 43 47 45 41 43 39 39 45 47 43 46 46 44 53 45 46 46 52 42 40 44 43 43 
22 43 43 41 47 43 43 42 46 46 46 47 48 45 45 48 44 42 43 50 47 45 41 0 42 44 51 48 44 39 43 42 49 45 41 44 46 43 44 48 46 44 44 40 40 44 43 45 42 42 43 49 42 48 47 50 48 42 49 47 50 45 40 39 41 40 
23 43 40 42 41 48 46 42 46 46 44 46 48 44 51 48 47 40 43 43 51 48 44 42 0 44 44 44 46 42 45 44 47 43 40 45 47 46 47 47 48 43 40 40 40 42 45 45 45 44 40 43 42 46 47 48 49 42 47 46 50 48 44 45 39 42 
24 48 42 44 40 45 47 43 46 46 46 45 51 43 51 48 48 44 42 40 48 49 46 44 44 0 42 44 46 45 46 49 45 41 42 49 46 48 48 46 43 42 42 43 42 40 46 46 47 46 39 40 42 46 47 49 43 45 49 44 53 50 46 44 41 45 
25 44 45 45 45 45 48 44 44 45 40 42 45 42 47 50 52 43 42 44 46 50 48 51 44 42 0 47 46 47 47 50 41 40 44 45 45 49 49 43 44 41 46 47 46 41 46 49 48 47 42 39 43 46 45 48 39 45 52 42 47 55 49 46 44 48 
26 39 43 45 41 40 43 40 43 40 41 41 46 39 42 46 43 46 43 48 42 45 44 48 44 44 47 0 41 43 42 41 43 41 42 43 40 45 44 41 41 40 45 45 44 41 41 40 44 42 47 43 40 40 41 42 45 45 43 40 44 46 45 43 46 46 
27 41 44 41 44 40 40 42 41 44 48 44 43 42 39 46 44 44 42 51 40 42 42 44 46 46 46 41 0 42 39 40 46 45 43 39 41 42 41 47 44 47 46 46 45 44 39 39 41 40 46 46 42 42 42 40 48 50 40 43 44 47 44 43 44 50 
28 42 40 40 44 42 41 41 44 48 46 47 47 48 44 47 43 46 43 46 45 43 43 39 42 45 47 43 42 0 41 40 49 45 40 43 45 45 42 47 46 44 42 41 41 44 41 43 40 40 47 46 42 43 46 49 48 43 43 46 48 47 40 39 41 42 
29 41 47 41 44 40 39 41 42 45 45 45 45 43 44 47 40 47 42 47 42 41 44 43 45 46 47 42 39 41 0 39 51 45 42 40 42 41 40 49 45 44 45 45 44 45 38 44 40 43 45 46 42 40 43 42 49 50 44 44 49 42 42 42 44 45 
30 40 42 43 47 43 40 40 42 42 44 45 45 46 45 44 41 42 45 46 43 42 40 42 44 49 50 41 40 40 39 0 51 44 45 40 42 41 41 45 44 43 44 43 43 43 39 41 40 39 44 45 41 41 44 43 48 44 42 44 46 43 42 40 42 44 
31 44 47 47 44 46 49 49 47 45 41 40 42 42 47 44 49 45 44 43 49 51 49 49 47 45 41 43 46 49 51 51 0 42 46 45 44 50 50 41 41 42 49 49 48 43 47 45 49 52 45 42 48 46 43 51 42 48 48 41 45 52 50 48 46 51 
32 42 43 47 39 43 46 45 43 44 39 42 44 40 46 45 47 41 44 44 45 48 50 45 43 41 40 41 45 45 45 44 42 0 46 43 48 47 47 47 40 39 48 45 44 39 44 43 46 45 41 39 40 44 44 46 41 47 51 41 47 49 47 44 42 46 
33 41 39 40 41 45 43 39 43 44 43 45 46 42 44 46 44 39 41 43 45 45 42 41 40 42 44 42 43 40 42 45 46 46 0 42 48 44 44 45 43 42 41 41 44 41 42 43 46 46 41 43 40 47 45 49 46 41 45 44 48 50 42 39 39 42 
34 40 44 41 43 39 41 41 40 39 43 43 42 41 40 41 41 43 41 46 40 43 43 44 45 49 45 43 39 43 40 40 45 43 42 0 40 43 42 42 43 46 46 46 45 43 40 38 42 41 45 45 42 38 41 41 47 46 41 42 43 45 48 43 43 47 
35 41 46 43 44 45 43 43 39 39 43 42 40 41 41 39 42 44 42 46 43 48 45 46 47 46 45 40 41 45 42 42 44 48 48 40 0 45 44 45 42 42 47 47 47 48 45 43 44 43 49 45 47 40 39 40 47 48 42 41 41 50 46 49 45 49 
36 44 44 42 46 42 40 47 45 44 48 52 48 50 42 46 44 45 45 49 48 40 40 43 46 48 49 45 42 45 41 41 50 47 44 43 45 0 39 48 48 50 45 49 45 51 41 44 39 40 47 49 45 43 46 44 55 51 41 47 52 40 45 42 45 45 
37 44 45 42 47 46 43 44 44 43 48 47 47 49 41 49 39 46 49 49 44 39 41 44 47 48 49 44 41 42 40 41 50 47 44 42 44 39 0 47 47 46 46 46 46 47 41 43 40 40 47 52 45 42 45 42 51 47 40 47 47 40 42 43 45 46 
38 42 47 45 44 43 50 44 41 46 42 39 39 41 44 41 49 45 42 45 42 48 47 48 47 46 43 41 47 47 49 45 41 47 45 42 45 48 47 0 41 42 49 49 48 43 44 42 47 46 46 44 44 43 40 44 44 48 45 39 42 49 49 47 50 50 
39 42 45 44 41 43 46 42 46 43 38 40 42 43 45 44 46 42 44 42 44 52 47 46 48 43 44 41 44 46 45 44 41 40 43 43 42 48 47 41 0 43 46 46 46 40 44 43 47 45 43 40 42 44 42 49 46 45 46 40 45 49 47 45 43 48 
40 40 43 46 40 42 45 41 41 42 39 41 43 39 44 47 45 41 43 42 44 47 45 44 43 42 41 40 47 44 44 43 42 39 42 46 42 50 46 42 43 0 44 45 44 39 43 42 45 48 42 41 40 42 42 45 43 44 45 40 45 48 46 43 42 46 
41 44 40 42 43 44 46 46 47 47 46 48 49 45 47 49 47 42 44 45 48 47 47 44 40 42 46 45 46 42 45 44 49 48 41 46 47 45 46 49 46 44 0 42 38 44 49 46 45 44 42 45 43 46 52 49 47 40 47 51 51 47 42 41 40 44 
42 44 40 42 43 48 45 42 47 47 46 48 49 45 47 49 46 42 44 49 52 51 43 40 40 43 47 45 46 41 45 43 49 45 41 46 47 49 46 49 46 45 42 0 42 44 48 46 44 44 42 45 43 46 48 52 48 40 47 47 51 47 42 41 41 39 
43 43 39 42 42 44 45 46 46 46 45 51 49 44 46 48 46 41 47 44 51 47 47 40 40 42 46 44 45 41 44 43 48 44 44 45 47 45 46 48 46 44 38 42 0 43 44 49 48 44 45 48 42 45 47 48 47 40 47 46 54 47 42 44 40 40 
44 41 42 42 38 46 46 45 43 44 40 42 45 40 46 45 46 40 40 40 45 48 45 44 42 40 41 41 44 44 45 43 43 39 41 43 48 51 47 43 40 39 44 44 43 0 48 47 46 45 40 43 40 44 48 46 42 43 46 42 47 49 46 43 41 46 
45 40 43 40 47 39 44 41 41 40 44 48 44 42 40 43 40 43 42 46 42 42 41 43 45 46 46 41 39 41 38 39 47 44 42 40 45 41 41 44 44 43 49 48 44 48 0 40 44 39 45 46 42 39 43 41 48 46 40 43 45 43 43 42 43 49 
46 44 44 45 43 39 42 41 39 42 47 42 42 45 40 41 42 43 41 46 40 43 43 45 45 46 49 40 39 43 44 41 45 43 43 38 43 44 43 42 43 42 46 46 49 47 40 0 43 42 45 45 42 39 40 41 47 46 41 42 47 49 45 47 48 47 
47 42 43 41 45 41 39 42 44 43 47 47 51 45 46 49 40 44 44 48 44 44 39 42 45 47 48 44 41 40 40 40 49 46 46 42 44 39 40 47 47 45 45 44 48 46 44 43 0 39 46 47 43 46 49 43 50 50 41 46 51 41 41 41 44 44 
48 41 42 40 44 40 39 41 43 42 46 46 46 44 41 45 44 43 43 47 43 41 39 42 44 46 47 42 40 40 43 39 52 45 46 41 43 40 40 46 45 48 44 44 44 45 39 42 39 0 45 46 42 41 44 46 49 45 41 45 46 46 41 41 43 44 
49 43 41 42 44 44 46 42 45 46 42 45 47 42 51 47 47 39 42 45 47 52 45 43 40 39 42 47 46 47 45 44 45 41 41 45 49 47 47 46 43 42 42 42 45 40 45 45 46 45 0 41 41 45 46 48 44 44 47 44 49 49 45 42 40 44 
50 43 44 44 40 48 51 43 44 45 40 42 49 45 47 46 48 41 42 39 46 50 47 49 43 40 39 43 46 46 46 45 42 39 43 45 45 49 52 44 40 41 45 45 48 43 46 45 47 46 41 0 42 49 45 51 44 44 52 42 48 51 47 45 42 47 
51 40 41 40 40 41 44 39 42 42 41 43 44 40 44 44 44 39 39 42 44 46 43 42 42 42 43 40 42 42 42 41 48 40 40 42 47 45 45 44 42 40 43 43 42 40 42 42 43 42 41 42 0 42 43 45 44 42 48 42 46 50 44 41 40 44 
52 40 44 45 44 43 41 42 40 39 44 43 43 42 39 41 41 44 42 46 40 46 46 48 46 46 46 40 42 43 40 41 46 44 47 38 40 43 42 43 44 42 46 46 45 44 39 39 46 41 45 49 42 0 41 40 47 47 40 42 43 44 48 43 44 51 
53 42 46 44 44 42 44 43 39 44 43 41 39 41 42 39 44 45 42 46 40 46 46 47 47 47 45 41 42 46 43 44 43 44 45 41 39 46 45 40 42 42 52 48 47 48 43 40 49 44 46 45 43 41 0 41 46 48 43 44 41 51 47 46 46 49 
54 43 46 44 46 42 42 44 41 40 46 44 46 44 39 41 41 50 44 48 39 43 44 50 48 49 48 42 40 49 42 43 51 46 49 41 40 44 42 44 49 45 49 52 48 46 41 41 43 46 48 51 45 40 41 0 53 53 40 44 46 44 46 45 46 49 
55 45 50 47 43 47 50 45 46 47 41 43 46 43 49 47 54 44 44 40 48 52 53 48 49 43 39 45 48 48 49 48 42 41 46 47 47 55 51 44 46 43 47 48 47 42 48 47 50 49 44 44 44 47 46 53 0 50 50 43 49 53 50 51 45 49 
56 44 41 43 42 49 47 43 51 47 45 47 49 45 48 49 48 45 44 47 49 49 45 42 42 45 45 45 50 43 50 44 48 47 41 46 48 51 47 48 45 44 40 40 40 43 46 46 50 45 44 44 42 47 48 53 50 0 48 46 51 49 48 42 40 42 
57 43 46 43 46 42 40 44 43 41 47 46 45 45 39 43 38 46 44 49 45 40 46 49 47 49 52 43 40 43 44 42 48 51 45 41 42 41 40 45 46 45 47 47 47 46 40 41 41 41 47 52 48 40 43 40 50 48 0 45 44 46 44 44 46 47 
58 45 45 44 42 42 45 42 40 42 40 43 40 43 44 42 49 43 41 43 42 47 46 47 46 44 42 40 43 46 44 44 41 41 44 42 41 47 47 39 40 40 51 47 46 42 43 42 46 45 44 42 42 42 44 44 43 46 45 0 47 49 47 45 44 49 
59 45 49 47 47 45 50 46 46 46 46 43 44 44 43 40 49 48 45 53 41 51 52 50 50 53 47 44 44 48 49 46 45 47 48 43 41 52 47 42 45 45 51 51 54 47 45 47 51 46 49 48 46 43 41 46 49 51 44 47 0 49 50 48 49 52 
60 46 46 44 48 44 41 46 46 45 50 50 49 48 43 47 41 47 47 51 46 40 42 45 48 50 55 46 47 47 42 43 52 49 50 45 50 40 40 49 49 48 47 47 47 49 43 49 41 46 49 51 50 44 51 44 53 49 46 49 49 0 43 44 47 47 
61 44 42 41 45 43 46 47 46 46 51 49 53 46 45 48 43 44 45 48 47 43 40 40 44 46 49 45 44 40 42 42 50 47 42 48 46 45 42 49 47 46 42 42 42 46 43 45 41 41 45 47 44 48 47 46 50 48 44 47 50 43 0 40 43 42 
62 42 39 43 42 42 42 40 48 44 45 50 47 43 44 46 44 41 42 45 45 44 44 39 45 44 46 43 43 39 42 40 48 44 39 43 49 42 43 47 45 43 41 41 44 43 42 47 41 41 42 45 41 43 46 45 51 42 44 45 48 44 40 0 44 42 
63 42 43 41 40 46 48 44 44 45 43 45 47 42 45 47 45 39 41 43 46 50 43 41 39 41 44 46 44 41 44 42 46 42 39 43 45 45 45 50 43 42 40 41 40 41 43 48 44 43 40 42 40 44 46 46 45 40 46 44 49 47 43 44 0 46 
64 46 45 43 45 45 49 44 48 48 48 49 55 51 48 50 47 43 45 51 49 47 43 40 42 45 48 46 50 42 45 44 51 46 42 47 49 45 46 50 48 46 44 39 40 46 49 47 44 44 44 47 44 51 49 49 49 42 47 49 52 47 42 42 46 0 

;param d[*,*]
: 0 1 2 3 4 5 6 7 8 9 10 11 12 13 14 15 16 17 18 19 20 21 22 23 24 25 26 27 28 29 30 31 32 33 34 35 36 37 38 39 40 41 42 43 44 45 46 47 48 49 50 51 52 53 54 55 56 57 58 59 60 61 62 63 64:=
0 0.0 0 0 0 0.43 0.98 0 0 1.41 0 1.6 0.48 0.47 2.07 0.45 3.42 0.32 0.75 0 0 1.41 3.42 1.85 0 0 1.29 0 0.99 3.04 0.3 0.55 1.45 0.37 1.6 0.39 1.69 4.18 4.05 1.6 0.37 0.86 0.6 2.22 0 0 0.23 0 0.43 1.88 0 0 0.18 0.23 2.07 1.66 0 0 2.63 0 0.63 0.72 4.31 2.07 1.36 1.68 
1 0 0.0 0 1.42 0 1.29 0.27 0 3.76 0 0 0 1.21 0 0 1.56 0 0 0 4.42 1.72 0 0 0.47 0.42 2.59 1.85 0.58 0 0 0 0 0 0.49 3.11 0 4.31 4.81 0.83 0 1.79 0.18 0 0.37 1.6 0 2.16 3.55 0.43 1.11 0.57 0.7 3.29 0 0.8 0 0 1.68 0.7 1.05 5.7 0 0.31 0 0 
2 0 0 0.0 0 1.52 0.32 0 2.54 0.43 2.09 0 2.65 3.17 0 2.46 2.45 2.28 1.11 0 1.33 4.05 0.59 2.03 0.42 2.03 0 0 1.88 0.94 1.51 0 0.83 0 1.27 0.74 2.82 0.94 1.02 3.86 0 0 0 0.94 0 1.02 1.77 0 1.6 0.8 0.43 0 0.23 0 1.41 2.09 0 1.85 3.67 1.33 6.33 2.16 1.88 0 0.27 1.13 
3 0 1.42 0 0.0 0 0 0 0 3.2 0.23 2.63 0.65 0.59 0 0 4.33 0.15 0.74 0.99 1.6 2.11 0 0 0 0 0 1.23 3.29 4.05 2.22 0 1.25 0.31 0.63 1.79 1.33 6.08 1.92 0.55 0 0 0 1.21 1.6 0.18 0 0.5 3.86 0 0 0.74 0.17 3.11 0 4.33 1.06 0.98 1.84 0.94 0.87 3.63 5.19 3.29 0 0 
4 0.43 0 1.52 0 0.0 0.7 0.47 1.41 0 1.17 0 1.21 2.28 0 2.54 0.78 2.26 0.92 2.53 0.35 3.67 1.36 3.67 0 0 0 1.39 0.94 2.66 1.39 0 4.05 0 0 0.66 0 1.02 0 2.92 2.73 1.98 2.28 0 0.55 0 0.12 0 1.23 1.32 0.55 0 2.03 0 1.48 0 0 0 1.29 1.54 4.81 4.56 0.5 1.29 0 2.59 
5 0.98 1.29 0.32 0 0.7 0.0 3.29 1.85 2.35 4.52 6.08 0.75 4.56 0.63 1.45 0.13 4.69 0 0.97 0.47 1.52 1.65 3.67 2.71 3.26 0.97 1.79 0.23 1.88 0.56 1.65 2.35 4.33 3.8 1.23 0.5 0.94 0 0 0.78 4.94 4.05 5.07 2.4 1.72 0 0.37 0.12 0.89 1.8 0 1.25 0.7 1.45 3.04 4.13 6.21 1.52 3.95 0 1.11 0 2.35 0 0 
6 0 0.27 0 0 0.47 3.29 0.0 0 0.94 0.98 3.01 0 1.05 0 3.48 0 0.2 0.39 0.53 1.25 0.63 0.9 0.37 1.36 0 0 0.23 0.37 0.7 2.53 1.52 0 0 0.75 0.7 0.45 0 4.18 0.57 1.02 0.63 0 1.6 0 0 1.05 0 3.17 2.41 1.29 1.72 0.56 0 1.21 0 0 1.72 1.97 0.43 0.78 0.72 0 0.55 0 1.33 
7 0 0 2.54 0 1.41 1.85 0 0.0 0.66 2.35 1.11 0.92 0 0.32 0 3.55 0 0.7 0 0 4.94 2.28 4.14 4.14 0 0 0 0.99 2.28 0.4 2.35 0 1.72 1.91 0 0.31 5.07 4.56 0.63 0 1.88 0.83 0 0 2.73 0.33 0 4.43 1.79 2.4 1.37 2.16 0.74 0.49 1.79 1.72 0 3.42 0 0 6.08 0 0 0 5.36 
8 1.41 3.76 0.43 3.2 0 2.35 0.94 0.66 0.0 1.25 0 0 0.78 0.2 0.51 0 0 0.37 0.78 0.43 0 0 1.68 4.42 0 2.59 0.86 0 0 0 2.07 0 3.11 1.29 0.43 0.31 1.37 1.17 0 2.73 0.98 0.85 1.96 1.8 0.57 0.92 0 3.8 2.35 0 1.6 2.45 0.66 0 0.47 0.85 4.89 1.23 0 0 5.19 0 2.16 2.34 2.19 
9 0 0 2.09 0.23 1.17 4.52 0.98 2.35 1.25 0.0 0.25 0 0 0 2.22 3.08 0.9 0.99 0 3.48 2.35 1.92 5.83 0 0 0 1.17 0 1.68 2.59 0 1.6 0.43 1.17 1.17 0 2.19 6.97 2.07 0.38 0.55 1.72 0 0 0.74 2.28 0 0.83 0.72 1.54 0.18 0.33 0 1.13 0 0 0 1.96 0.23 2.71 2.58 0 2.4 1.13 0 
10 1.6 0 0 2.63 0 6.08 3.01 1.11 0 0.25 0.0 0 1.41 0 0.38 2.9 0.58 0.38 1.25 2.63 3.57 3.26 6.84 2.9 3.76 0.9 0 0.58 6.33 2.53 2.46 0.22 2.07 2.4 0.45 0.35 0 5.08 0.66 1.04 0 0.94 0.95 0 1.02 0 0 1.99 0 0 1.02 2.73 1.91 1.6 2.22 0.5 3.26 5.83 0 0.5 4.07 5.65 0 2.53 0 
11 0.48 0 2.65 0.65 1.21 0.75 0 0.92 0 0 0 0.0 0.4 0.5 0 0 4.14 0 2.83 1.11 6.59 0.89 7.48 0.95 0 0 0 0.52 4.89 0.65 5.07 1.02 1.37 4.33 2.35 1.41 0.92 1.96 0.13 1.54 1.13 0 0 1.0 1.49 4.43 0.38 0 0.73 1.96 0 3.39 1.06 0 0 1.76 2.46 4.94 0.25 0 5.74 0 1.99 0 0 
12 0.47 1.21 3.17 0.59 2.28 4.56 1.05 0 0.78 0 1.41 0.4 0.0 0 1.66 3.58 1.23 0.27 1.6 1.06 0.8 3.67 0.65 0 1.79 1.36 0.27 2.45 0 3.8 0 0.42 0 0.9 1.11 0.78 0 0 0.74 0 0 1.6 1.64 2.28 0 1.54 0 4.94 0.53 0 0 0.51 0 1.88 3.11 1.91 0 3.58 0 2.28 3.39 1.76 0.52 0.98 0 
13 2.07 0 0 0 0 0.63 0 0.32 0.2 0 0 0.5 0 0.0 2.07 1.39 3.86 0 2.23 0.8 1.29 1.09 1.64 0 0 2.07 2.16 0.66 2.03 0 0 4.8 0 0.6 0.22 0.27 1.6 1.88 1.33 0 3.29 2.07 0.85 2.96 2.65 0.8 0 0 1.17 0 1.99 0 0 0 0.66 5.83 5.27 0.13 0 2.82 0.52 3.58 2.16 3.95 0 
14 0.45 0 2.46 0 2.54 1.45 3.48 0 0.51 2.22 0.38 0 1.66 2.07 0.0 4.18 2.83 0.52 3.26 0 1.68 5.95 7.1 0 2.19 0 0 0 4.61 0 0.6 3.39 1.56 4.23 1.88 0.55 5.95 0 0 0.53 0 0 2.46 2.31 1.6 3.67 1.69 0 1.49 0 0.78 0.62 0.78 0.12 1.51 0 0 2.82 2.07 0 4.99 7.22 1.88 0 2.74 
15 3.42 1.56 2.45 4.33 0.78 0.13 0 3.55 0 3.08 2.9 0 3.58 1.39 4.18 0.0 1.64 1.37 3.76 0 1.27 0.35 1.45 3.14 3.57 0 3.8 0 1.09 0.17 2.41 1.0 6.21 2.22 2.53 3.29 0 0.35 0 4.52 1.6 6.33 4.52 5.83 4.42 1.65 1.98 1.9 0 4.8 7.1 2.22 0.99 1.29 0.28 0 0.94 0.51 0 0 1.88 3.93 3.01 1.64 0.83 
16 0.32 0 2.28 0.15 2.26 4.69 0.2 0 0 0.9 0.58 4.14 1.23 3.86 2.83 1.64 0.0 1.32 0.9 3.95 0 4.05 0.9 0 0 1.09 0 3.2 0 0 3.04 2.53 0.66 0.49 2.73 2.22 2.59 2.71 2.4 0 0 0 0 1.05 0 2.73 1.17 1.37 3.8 0.15 1.23 0.49 3.11 2.4 0 0.58 0 4.14 1.85 0 3.26 1.29 0.7 0.1 0.52 
17 0.75 0 1.11 0.74 0.92 0 0.39 0.7 0.37 0.99 0.38 0 0.27 0 0.52 1.37 1.32 0.0 1.6 0.48 0.73 0.53 2.92 0 1.6 1.54 0 0 1.72 1.02 0 1.25 0 0 0.28 2.07 1.52 0 2.45 0 0 0 2.09 0 0 0.37 1.11 2.03 0.45 0.82 1.29 0.1 0.82 1.54 2.09 0.57 2.03 0.6 0.66 0 3.08 1.49 1.48 1.17 1.64 
18 0 0 0 0.99 2.53 0.97 0.53 0 0.78 0 1.25 2.83 1.6 2.23 3.26 3.76 0.9 1.6 0.0 3.26 8.87 0 0 1.72 0.51 0 0 0 4.42 2.03 2.77 2.73 0 0.52 1.72 0.77 6.02 1.09 0.65 0 0.82 2.4 0 0 0.86 2.96 0 5.36 0 0 0.1 1.02 0.8 0.77 5.55 0 0 7.98 1.21 0 9.5 3.45 2.53 1.72 0 
19 0 4.42 1.33 1.6 0.35 0.47 1.25 0 0.43 3.48 2.63 1.11 1.06 0.8 0 0 3.95 0.48 3.26 0.0 1.33 2.4 0 0 5.18 1.84 0.82 1.41 0 0.94 0 0 0 1.56 0 0 0 0.55 1.42 0.57 1.97 0 0 0 3.86 0.35 0.2 3.29 1.85 0 0 0 0 0.68 0.31 2.19 5.65 0 2.35 0.28 2.71 1.92 0 2.77 0 
20 1.41 1.72 4.05 2.11 3.67 1.52 0.63 4.94 0 2.35 3.57 6.59 0.8 1.29 1.68 1.27 0 0.73 8.87 1.33 0.0 2.07 0.67 7.1 2.54 8.87 5.07 2.79 2.92 1.11 0.42 4.37 7.35 2.59 2.82 0 0.2 0.56 5.18 0 4.71 3.33 0 6.33 2.19 0.37 1.91 0 0.74 0 2.58 0.73 0 5.57 1.06 4.87 1.02 1.22 0.87 0 0.94 3.93 3.39 0 3.14 
21 3.42 0 0.59 0 1.36 1.65 0.9 2.28 0 1.92 3.26 0.89 3.67 1.09 5.95 0.35 4.05 0.53 0 2.4 2.07 0.0 0.7 0 0.78 3.51 3.11 1.42 0 0 0.22 1.07 0 3.04 2.54 3.58 0.39 0.27 6.72 6.21 0.65 0 0 0 1.6 0.7 1.79 0.37 0.49 1.56 3.14 3.8 0 2.77 0 0 2.4 0 4.42 0 0.35 0.17 0 1.79 0 
22 1.85 0 2.03 0 3.67 3.67 0.37 4.14 1.68 5.83 6.84 7.48 0.65 1.64 7.1 1.45 0.9 2.92 0 0 0.67 0.7 0.0 1.29 0.58 0 0 3.29 0.15 1.79 2.66 3.88 3.76 0.63 2.22 0.78 1.09 3.2 0.95 1.84 3.48 0 0.18 0.18 1.37 1.79 0.63 2.26 2.91 0.47 0 2.45 0 3.2 0 2.31 1.42 0 1.92 6.3 4.94 1.52 0.13 1.11 0.51 
23 0 0.47 0.42 0 0 2.71 1.36 4.14 4.42 0 2.9 0.95 0 0 0 3.14 0 0 1.72 0 7.1 0 1.29 0.0 0 0.6 0 4.14 0 2.53 1.97 3.2 0.45 0 2.46 4.61 1.8 1.96 0.87 0 0 0.43 0.55 0.17 0.86 2.4 3.95 5.19 1.45 0.62 1.09 1.29 2.71 3.2 0.95 0 0 0.9 2.65 1.15 3.57 0 0 0.55 1.42 
24 0 0.42 2.03 0 0 3.26 0 0 0 0 3.76 0 1.79 0 2.19 3.57 0 1.6 0.51 5.18 2.54 0.78 0.58 0 0.0 0 0.57 4.52 4.81 0 0 0.67 0 0 0 4.52 3.51 3.63 4.33 1.09 0.94 0 1.17 0.98 0 0.73 4.14 4.8 0 0.43 0.92 0.37 4.42 0 0 0 0 3.7 0.62 0 2.7 1.84 1.97 1.11 2.34 
25 1.29 2.59 0 0 0 0.97 0 0 2.59 0 0.9 0 1.36 2.07 0 0 1.09 1.54 0 1.84 8.87 3.51 0 0.6 0 0.0 0 0 0.85 3.14 0 0.7 0 0.6 3.76 1.56 2.54 8.24 0.5 0 1.17 0.78 0 0 0 0 0 0.99 3.26 1.6 0 1.06 4.23 0.63 2.15 0.35 1.56 0 1.42 0 0 2.39 5.7 2.09 3.63 
26 0 1.85 0 1.23 1.39 1.79 0.23 0 0.86 1.17 0 0 0.27 2.16 0 3.8 0 0 0 0.82 5.07 3.11 0 0 0.57 0 0.0 0.3 3.8 2.07 2.53 0.52 0 0.86 0 0.86 1.49 3.39 1.23 1.05 1.04 0 0.68 2.22 1.23 2.28 0.39 4.05 1.54 0 1.66 0 0.59 1.05 2.45 0 2.46 3.8 1.32 0 2.9 1.56 1.72 0 1.88 
27 0.99 0.58 1.88 3.29 0.94 0.23 0.37 0.99 0 0 0.58 0.52 2.45 0.66 0 0 3.2 0 0 1.41 2.79 1.42 3.29 4.14 4.52 0 0.3 0.0 2.45 0.75 0.23 4.52 0.63 0.48 0.66 0.63 3.04 2.41 0 2.22 0 0 0 0.68 1.41 0.56 0.31 2.41 0.86 1.68 0.75 0.43 0 2.16 0.8 2.23 0 0.2 1.17 0.55 0 0.55 1.72 3.29 0 
28 3.04 0 0.94 4.05 2.66 1.88 0.7 2.28 0 1.68 6.33 4.89 0 2.03 4.61 1.09 0 1.72 4.42 0 2.92 0 0.15 0 4.81 0.85 3.8 2.45 0.0 1.79 0.74 7.6 0.65 0.59 0 2.4 0 0.42 1.99 1.72 0.57 0 0 0 4.31 1.88 2.82 0.92 1.22 0 4.14 2.91 2.73 1.76 0 0.99 1.85 3.93 1.72 0.99 0 1.27 0.23 0 0 
29 0.3 0 1.51 2.22 1.39 0.56 2.53 0.4 0 2.59 2.53 0.65 3.8 0 0 0.17 0 1.02 2.03 0.94 1.11 0 1.79 2.53 0 3.14 2.07 0.75 1.79 0.0 0.85 0 0.67 0.43 0.86 2.26 0.27 0.22 0 0 1.97 1.6 0 1.41 0 0.51 0 1.04 0 1.6 1.84 2.45 1.13 1.21 1.29 3.7 0 0 0.6 0 2.35 0.42 2.07 0.53 0.7 
30 0.55 0 0 0 0 1.65 1.52 2.35 2.07 0 2.46 5.07 0 0 0.6 2.41 3.04 0 2.77 0 0.42 0.22 2.66 1.97 0 0 2.53 0.23 0.74 0.85 0.0 0 1.33 0 0.92 1.6 1.79 1.23 1.56 2.22 0.45 0 0.5 0 1.21 0.31 0 0.8 0.66 0 0.68 0.32 0.63 2.03 1.09 0 1.45 2.07 2.09 5.83 1.17 0.35 0.86 1.42 2.16 
31 1.45 0 0.83 1.25 4.05 2.35 0 0 0 1.6 0.22 1.02 0.42 4.8 3.39 1.0 2.53 1.25 2.73 0 4.37 1.07 3.88 3.2 0.67 0.7 0.52 4.52 7.6 0 0 0.0 0.94 2.9 0 2.16 2.7 1.12 1.11 0 2.45 1.02 0 2.27 0.48 0.82 0 5.93 0 0 0.98 0 2.71 2.82 0 1.98 2.19 3.63 0 1.56 1.32 8.87 0.94 2.9 2.82 
32 0.37 0 0 0.31 0 4.33 0 1.72 3.11 0.43 2.07 1.37 0 0 1.56 6.21 0.66 0 0 0 7.35 0 3.76 0.45 0 0 0 0.63 0.65 0.67 1.33 0.94 0.0 0 1.17 0 0.89 2.07 0 0.94 0.31 0 0 2.09 0.08 0 2.92 5.95 2.53 0 0 0 1.37 0.55 2.83 0.33 0 0 0.74 0 8.11 3.02 4.18 1.42 1.88 
33 1.6 0.49 1.27 0.63 0 3.8 0.75 1.91 1.29 1.17 2.4 4.33 0.9 0.6 4.23 2.22 0.49 0 0.52 1.56 2.59 3.04 0.63 0 0 0.6 0.86 0.48 0.59 0.43 0 2.9 0 0.0 0 0 4.18 4.56 0 1.21 1.98 1.11 1.11 0 0 2.26 0 0 0 0 1.79 0 0 2.46 0 0 1.23 3.67 0.57 5.27 0 0.42 0.55 0.1 1.6 
34 0.39 3.11 0.74 1.79 0.66 1.23 0.7 0 0.43 1.17 0.45 2.35 1.11 0.22 1.88 2.53 2.73 0.28 1.72 0 2.82 2.54 2.22 2.46 0 3.76 0 0.66 0 0.86 0.92 0 1.17 0 0.0 0.18 1.17 0.43 1.6 1.72 0 1.72 2.65 2.4 1.17 0.39 0.12 3.17 1.17 3.58 3.58 1.29 0 1.6 0 1.96 0.77 0.74 0.37 0 4.81 0 2.63 1.91 4.61 
35 1.69 0 2.82 1.33 0 0.5 0.45 0.31 0.31 0 0.35 1.41 0.78 0.27 0.55 3.29 2.22 2.07 0.77 0 0 3.58 0.78 4.61 4.52 1.56 0.86 0.63 2.4 2.26 1.6 2.16 0 0 0.18 0.0 3.76 2.16 0 2.45 1.54 3.33 0.89 4.61 0 0 0 1.37 1.13 0 1.56 0 0.2 0.27 1.41 3.02 0 1.54 0 1.23 0 0.78 0 0.67 0 
36 4.18 4.31 0.94 6.08 1.02 0.94 0 5.07 1.37 2.19 0 0.92 0 1.6 5.95 0 2.59 1.52 6.02 0 0.2 0.39 1.09 1.8 3.51 2.54 1.49 3.04 0 0.27 1.79 2.7 0.89 4.18 1.17 3.76 0.0 0.27 7.1 5.18 0 1.64 0 3.67 0 2.53 0.53 0.76 1.52 6.33 2.35 3.58 1.09 2.9 3.11 0 0 1.88 6.46 0 1.39 0 2.45 4.94 0.65 
37 4.05 4.81 1.02 1.92 0 0 4.18 4.56 1.17 6.97 5.08 1.96 0 1.88 0 0.35 2.71 0 1.09 0.55 0.56 0.27 3.2 1.96 3.63 8.24 3.39 2.41 0.42 0.22 1.23 1.12 2.07 4.56 0.43 2.16 0.27 0.0 6.59 2.11 2.83 1.88 0.75 0.73 4.8 1.69 2.63 0.17 1.65 6.72 0 1.52 2.16 0.7 3.29 2.89 5.08 0.8 1.92 3.08 1.39 1.54 3.8 5.32 0.77 
38 1.6 0.83 3.86 0.55 2.92 0 0.57 0.63 0 2.07 0.66 0.13 0.74 1.33 0 0 2.4 2.45 0.65 1.42 5.18 6.72 0.95 0.87 4.33 0.5 1.23 0 1.99 0 1.56 1.11 0 0 1.6 0 7.1 6.59 0.0 0.3 2.16 0 3.76 3.45 1.91 3.39 0.4 3.14 0 4.14 2.03 3.01 1.09 1.13 0.53 0 0 5.32 0 0 6.02 1.02 6.21 0 0 
39 0.37 0 0 0 2.73 0.78 1.02 0 2.73 0.38 1.04 1.54 0 0 0.53 4.52 0 0 0 0.57 0 6.21 1.84 0 1.09 0 1.05 2.22 1.72 0 2.22 0 0.94 1.21 1.72 2.45 5.18 2.11 0.3 0.0 0 0.77 2.96 0 0.92 3.39 0.45 0.82 3.95 0 1.41 1.29 3.01 0.98 0 0 0 6.08 0.39 2.46 6.12 2.11 3.76 0.52 0.95 
40 0.86 1.79 0 0 1.98 4.94 0.63 1.88 0.98 0.55 0 1.13 0 3.29 0 1.6 0 0 0.82 1.97 4.71 0.65 3.48 0 0.94 1.17 1.04 0 0.57 1.97 0.45 2.45 0.31 1.98 0 1.54 0 2.83 2.16 0 0.0 2.28 0 0.57 0 2.63 2.07 3.76 0 1.29 0.99 1.04 0 0 0 0 2.09 2.53 0.55 3.95 3.51 0.73 0.5 0 0.78 
41 0.6 0.18 0 0 2.28 4.05 0 0.83 0.85 1.72 0.94 0 1.6 2.07 0 6.33 0 0 2.4 0 3.33 0 0 0.43 0 0.78 0 0 0 1.6 0 1.02 0 1.11 1.72 3.33 1.64 1.88 0 0.77 2.28 0.0 0 0 0.53 0 0 4.81 1.41 0 0.65 0.45 1.8 0 3.7 0.89 0 2.07 0 0 6.72 0 0.3 0.92 0 
42 2.22 0 0.94 1.21 0 5.07 1.6 0 1.96 0 0.95 0 1.64 0.85 2.46 4.52 0 2.09 0 0 0 0 0.18 0.55 1.17 0 0.68 0 0 0 0.5 0 0 1.11 2.65 0.89 0 0.75 3.76 2.96 0 0 0.0 0 0 0 4.23 2.16 2.03 1.48 0 1.72 4.23 0 0 0.94 0 6.46 3.2 0 6.33 0.37 0.27 0.99 0.15 
