set O:= 0;
set N:= 1 2 3 4 5 6 7 8 9 10 11 12 13 14 15 16 17 18 19 20 21 22 23 24 25 26 27 28 29 30 31 32 33 34 35 36 37 38 39 40 41 42 43 44 45 46 47 48 49 50 51 52 53 54 55 56 57 58 59 60 61 62 63 64;
set K:= 1 2 3 4 5 6 7 8 9 10;
param V:= 10;
param cp:= 130;
param dm:= 5.0;
param o:=
0 0
1 18
2 26
3 11
4 30
5 21
6 19
7 15
8 16
9 29
10 26
11 37
12 16
13 12
14 31
15 8
16 19
17 20
18 13
19 15
20 22
21 28
22 12
23 6
24 27
25 14
26 18
27 17
28 29
29 13
30 22
31 25
32 28
33 27
34 19
35 10
36 12
37 14
38 24
39 16
40 33
41 15
42 11
43 18
44 17
45 21
46 27
47 19
48 20
49 5
50 22
51 12
52 19
53 22
54 16
55 7
56 26
57 14
58 21
59 24
60 13
61 15
62 18
63 11
64 28
;
param c[*,*]
: 0 1 2 3 4 5 6 7 8 9 10 11 12 13 14 15 16 17 18 19 20 21 22 23 24 25 26 27 28 29 30 31 32 33 34 35 36 37 38 39 40 41 42 43 44 45 46 47 48 49 50 51 52 53 54 55 56 57 58 59 60 61 62 63 64:=
0 0 6 4 4 5 9 2 3 3331 6 23 8 5 7944 7 7539 5 1776 8 6 13 7539 22 9 7 29 1 23 6701 7 5 16 10 3775 7 3997 9214 8935 23 6 12 26 12999 14 5 6 4 8 22 7 7 3 6 4885 24 12 9 40 4 11 13 9493 25 4885 62 
1 6 0 5 8305 12 12 7 11 11168 17 13 15 28 15 15 14 3 5 14 13123 15 6 3 11 18 15165 6661 16 5 11 7 13 14 1776 11915 13 9493 10610 22 9 6439 8 5 2166 9388 12 51 7818 15 3997 25 16 12638 17 17 18 4 19 19 35 12564 7 9 2 6 
2 4 5 0 7 4333 6 2 7539 9 9493 9 24 6980 10 22 29 5026 10 12 19 8935 5 5777 14 9214 13 6 7222 11 23 2 14 8 2792 14 8376 8 9 9104 8 7 11 35 8 29 5055 8 19 7 15 11 4 8 13 38 18 8376 10471 15 13960 20 22 2 9 42 
3 4 8305 7 0 10 12 4 10 12277 10 6217 28 13 17 15 51 6 2665 5777 30 19 11 12 8 6 7 4441 12638 8935 12999 8 14 12 23 42 25 13402 17 9 4 2 13 45 9388 1083 12 14 46 13 4 4333 4 11915 16 16609 39 36 21 11 38 33 11448 7259 6 16 
4 5 12 4333 10 0 6 5 5416 6 43 8 14 6499 7 39 7 35 11 14804 9 8097 16 10471 12 17 18 3972 3611 7583 3972 3 9548 12 7 2528 6 9 7 6883 6439 30 13360 13 24 10 3 4 11 20 24 13 5777 3 17 9 20 14 15 22 13721 10051 12 15 9 15165 
5 9 12 6 12 6 0 7259 17 28 54 13402 14 10051 6 13 2 10331 9 18 9 3350 3630 10471 25 30 18 16 4 22 7 3630 21 51 8376 11 9 11 2 13 15 10889 62 14443 28 15 3 7 2 1954 16 15 11 6 13 6701 37 13681 3350 47 13 10 6 28 10 15 
6 2 7 2 4 5 7259 0 6 11 22 7106 8 15 12 8216 8 3 4 14 14 12 8 9 4885 7 8 4 10 6 7222 3350 9 5 1776 13 7 9 9214 9 12 7 10 9388 8 4 12 8 6980 5305 4663 6217 1332 8 14 8 12 6217 23 7 13 13 8 5 3 49 
7 3 11 7539 10 5416 17 6 0 1954 9027 16 17 4 9 4 7818 9 8 15 3 10889 41 15887 12285 17 14 2 23 41 11 6980 7 40 35 4 6 11168 10051 7 5 4441 23 20 18 10471 9 3 9772 32 44 25 5107 17 9 5305 32 14 9749 3 7 13402 14 10 11 20581 
8 3331 11168 9 12277 6 28 11 1954 0 23 6 6 9 5 7 6 10 6 21 8 9 10 31 13123 19 61 12 4 10 7 6143 10 11915 18 10 6 12 10 5 6439 11 23 36 33 15 22 2 8376 6980 13 30 5773 2528 3 7 23 14519 14 5 7 11448 13 39 42 40 
9 6 17 9493 10 43 54 22 9027 23 0 4 13 3 16 12999 28 33 3553 8 13360 21 17 16609 15 9 5 4219 14 15 15165 13 3775 2528 43 22 12 20 15356 4885 888 1998 64 18 19 4333 13360 11 16 24 9027 8 9 14 42 18 9 18 23 4 15887 23 15 22 42 25 
10 23 13 9 6217 8 13402 7106 16 6 4 0 4 3331 8 6 26 10 6 14 6217 32 24 19498 10436 8882 10 5 10 11102 36 36 4 4885 35 7 6 16 60 1554 2443 4 40 41 19 12 8 6 18 11 10 12 6439 28 3775 32 8 11769 10214 1 8 37 53 10 9104 26 
11 8 15 24 28 14 14 8 17 6 13 4 0 7 14 3 11 12285 7 16609 20 14519 16 21303 32 19 17 5 14 58 16 11168 12 51 12844 9027 4188 17 17 2 22 13 29 29 43 55 12638 10 14 14 56 15 7994 19 2 7 65 70 14082 4 4 68 17 18 17 26 
12 5 28 6980 13 6499 10051 15 4 9 3 3331 7 0 11 24 42 18 3 5773 12 15 44 16 8 6439 4885 3 9388 10 10832 7 7 4 10 26 9 13 12 8 2 1 59 61 13360 4 18 6 10889 10 6 4 6 9 4441 7328 6883 11 55 2 33 31 16 10 22 18 
13 7944 15 10 17 7 6 12 9 5 16 8 14 11 0 7944 3071 14804 12 41 19 12 20 30 18 20 38 8305 2528 48 5 8 11324 17 16 6 7 15 22 15 10 12638 38 23 69 62 19 5 6 27 18 37 13 3 9 2528 22387 20220 3 8 10832 10 13721 51 15165 22 
14 7 15 22 15 39 13 8216 4 7 12999 6 3 24 7944 0 9214 51 9 19137 3 15 13123 20220 20 81 16 5 9 55 12 11 7994 58 12564 7222 10 13123 12 4 9 7 29 91 85 59 10471 6499 12 13 16 34 10 14 4 4467 24 22 43 4885 3 59 15915 17 17 101 
15 7539 14 29 51 7 2 8 7818 6 28 26 11 42 3071 9214 0 15 12 34 7 2792 7 17 28 32 17 8376 3 10 3 5305 19 13681 20 5584 7259 4 3 12 54 14 18054 69 16609 52 3630 23 4188 4 57 15636 20 9 12 5 19 17 1117 12 11 22 8655 36 15 20 
16 5 3 5026 6 35 10331 3 9 10 33 10 12285 18 14804 51 15 0 3109 33 11727 14 8935 10 3 5 40 5 12277 7 12 6701 36 25 7 10471 40 23 25 35 6 4 8 10 6138 5 42 22 12 8376 4 7222 7 11915 44 13 25 4 64 27 17 30 12 6 3 22 
17 1776 5 10 2665 11 9 4 8 6 3553 6 7 3 12 9 12 3109 0 5773 8 14 10 45 7 5773 5551 2 10 16 12 6 14 3 4 8 4885 14 11 5773 4 1 15 12277 11 3 9 26 18 8 19 4663 2 15 22 30 15 7328 14 8 10 28 13 13 4219 61 
18 8 14 12 5777 14804 18 14 15 21 8 14 16609 5773 41 19137 34 33 5773 0 77 19545 15 17 10110 19 4 7 18 52 75 12564 6439 5 22 32 21 71 20 11 5 19 14082 15 15 5055 17332 18 64 18 6 4 23 22 33 21303 6 11 22748 14 22 20941 31 23 10110 18 
19 6 13123 19 30 9 9 14 3 8 13360 6217 20 12 19 3 7 11727 8 77 0 12 44 20 15 19859 34 9 5416 13 17 9 9 16 22 6 2 11 10 20 9 28 23 21 19 14804 9 5 39 34 16 19 8 5 12 4 40 16752 8 5551 6 25 27 13 50 25 
20 13 15 8935 19 8097 3350 12 10889 9 21 32 14519 15 12 15 2792 14 14 19545 12 0 25 16 15636 23 19545 11168 6143 35 10 8 40 16194 23 34 10 4 7 61 16 56 39 18 18054 20 7 17 4 7 16 23 14 7 12285 9 44 19 15 16 14 11 8655 40 13 37 
21 7539 6 5 11 16 3630 8 41 10 17 24 16 44 20 13123 7 8935 10 15 44 25 0 8 13 15 32 37 33 3 5 4 16 13 6701 9749 10610 3 5 11769 10880 12 12 12 10 14 8 42 3 4 14 28 8376 9 25 11 18 10889 9 42 16 7 3 4 8097 12 
22 22 3 5777 12 10471 10471 9 15887 31 16609 19498 21303 16 30 20220 17 10 45 17 20 16 8 0 7583 14 18 13 12638 4 21 7583 45 58 7 52 21 13 49 23 21 53 5 8 8 16 21 17 35 8305 11 16 38 13 38 18 27 8305 15 22 97 14082 4333 3 6499 19 
23 9 11 14 8 12 25 4885 12285 13123 15 10436 32 8 18 20 28 3 7 10110 15 15636 13 7583 0 5 26 8 15887 9 14804 8935 11546 19 4 58 13681 16 17 23 8 7 16 20 7 32 14082 15165 11448 41 2220 40 4663 64 14519 20 15 1 22 9548 39 32 12 6 1998 8305 
24 7 18 9214 6 17 30 7 17 19 9 8882 19 6439 20 81 32 5 5773 19 19859 23 15 14 5 0 9 15 17332 10610 22 11 11 8 10 16 17332 32 33 10214 12 21 12 43 36 6 32 15887 57 14 2528 5416 10 16971 23 24 12 6 43 10 24 24 16 18 6499 13721 
25 29 15165 13 7 18 18 8 14 61 5 10 17 4885 38 16 17 40 5551 4 34 19545 32 18 26 9 0 7 19 16 18415 13 8 5 26 14443 29 23 18149 8 3 4219 34 20 18 7 21 14 18 14798 9388 3 24 16248 27 40 13 58 22 20 24 21 21 12564 12277 21303 
26 1 6661 6 4441 3972 16 4 2 12 4219 5 5 3 8305 5 8376 5 2 7 9 11168 37 13 8 15 7 0 8 8376 32 5584 9 5 10 4 12 13 40 18 15 2443 19 30 12999 4441 6499 7 8935 14 7 5995 3 11 15 5773 11 8882 10832 3109 8 26 14 16 6 69 
27 23 16 7222 12638 3611 4 10 23 4 14 10 14 9388 2528 9 3 12277 10 18 5416 6143 33 12638 15887 17332 19 8 0 9388 2889 6 10658 17 13 2528 12 6701 5305 7 32 10 18 18 19 26 2166 6 5305 20 31 20 12 1 8305 19 41 18 5 13 15 9 15 40 12638 18 
28 6701 5 11 8935 7583 22 6 41 10 15 11102 58 10 48 55 10 7 16 52 13 35 3 4 9 10610 16 8376 9388 0 27 7 13323 12 5 11 44 5 8 14 12 11 9 8 9 9493 29 10832 8 15 9 49 6422 10471 16 11 18 8376 11193 12 18 9 2792 2 7 9 
29 7 11 23 12999 3972 7 7222 11 7 15165 36 16 10832 5 12 3 12 12 75 17 10 5 21 14804 22 18415 32 2889 27 0 13 12 29 10 20 8666 5 4 9 10 23 59 17 52 15 1444 6 12 2 59 68 38 4333 14 30 21665 17 5 10 15 28 10 32 23 30 
30 5 7 2 8 3 3630 3350 6980 6143 13 36 11168 7 8 11 5305 6701 6 12564 9 8 4 7583 8935 11 13 5584 6 7 13 0 11 38 5 22 29 21 11 18 32 8 13 22 11 35 4 7 7 8 12 23 6 12 18 16 19 41 32 30 12844 10 7 8 6422 12638 
31 16 13 14 14 9548 21 9 7 10 3775 4 12 7 11324 7994 19 36 14 6439 9 40 16 45 11546 11 8 9 10658 13323 12 11 0 11 42 10 31 24 21 16 4 5773 44 29 84 8 14 10 70 13 10 11 8 39 6661 11 4663 50 26 4 18 25 15543 14 10436 104 
32 10 14 8 12 12 51 5 40 11915 2528 4885 51 4 17 58 13681 25 3 5 16 16194 13 58 19 8 5 5 17 12 29 38 11 0 9 22 12 16 18 6 2220 7 13 18 12277 4 16 11193 13123 11448 7 3 4 25 24 66 14 12 18 8 22 17869 27 9214 8305 69 
33 3775 1776 2792 23 7 8376 1776 35 18 43 35 12844 10 16 12564 20 7 4 22 22 23 6701 7 4 10 26 10 13 5 10 5 42 9 0 10 10 9214 10051 10 14 4663 6499 6499 5 8 35 11 8 6 4 10471 2 10 45 12 18 4441 56 9 15636 13 8 5 3 9388 
34 7 11915 14 42 2528 11 13 4 10 22 7 9027 26 6 7222 5584 10471 8 32 6 34 9749 52 58 16 14443 4 2528 11 20 22 10 22 10 0 5 10 8 23 25 8 32 62 56 22 7 3 6980 27 13721 13721 30 2 6138 7 36 21 9 6 12 10610 13 10110 45 17693 
35 3997 13 8376 25 6 9 7 6 6 12 6 4188 9 7 10 7259 40 4885 21 2 10 10610 21 13681 17332 29 12 12 44 8666 29 31 12 10 5 0 45 20 4 5773 22 78 24 17693 12 7 3 12 16 12 29 6 5 4 4188 71 17 18 4 22 13 16 11 14 24 
36 9214 9493 8 13402 9 11 9 11168 12 20 16 17 13 15 13123 4 23 14 71 11 4 3 13 16 32 23 13 6701 5 5 21 24 16 9214 10 45 0 2 15636 61 13 19 14 56 14 5584 10 1675 3350 13960 21 42 10 26 37 21 14 22 14240 16 3071 5 29 10889 16 
37 8935 10610 9 17 7 2 9214 10051 10 15356 60 17 12 22 12 3 25 11 20 10 7 5 49 17 33 18149 40 5305 8 4 11 21 18 10051 8 20 2 0 14519 19 26 22 18 18 57 20 31 3 3630 14798 17 14 26 13 7259 26 60 7 17 28 3071 14 8376 11727 18 
38 23 22 9104 9 6883 13 9 7 5 4885 1554 2 8 15 4 12 35 5773 11 20 61 11769 23 23 10214 8 18 7 14 9 18 16 6 10 23 4 15636 14519 0 5 5107 24 22026 20220 28 7994 7 28 11 9770 29 7106 12 2665 9 9 14 9326 2 6 71 15 10880 10 31 
39 6 9 8 4 6439 15 12 5 6439 888 2443 22 2 10 9 54 6 4 5 9 16 10880 21 8 12 3 15 32 12 10 32 4 2220 14 25 5773 61 19 5 0 2 33 17332 17 13 7994 7 15 9326 7 3331 19 7106 11 9 5 12 10658 4 36 73 15 36 14 41 
40 12 6439 7 2 30 10889 7 4441 11 1998 4 13 1 12638 7 14 4 1 19 28 56 12 53 7 21 4219 2443 10 11 23 8 5773 7 4663 8 22 13 26 5107 2 0 13360 18 25 2 40 7944 45 9 4663 3553 2443 10 6 9 7 7550 30 6 9326 32 14 9 6 34 
41 26 8 11 13 13360 62 10 23 23 64 40 29 59 38 29 18054 8 15 14082 23 39 12 5 16 12 34 19 18 9 59 13 44 13 6499 32 78 19 22 24 33 13360 0 1 2 23 14 18 13721 52 9 28 19 33 21 87 38 4 24 18 30 19137 12 13 5416 4 
42 12999 5 35 45 13 14443 9388 20 36 18 41 29 61 23 91 69 10 12277 15 21 18 12 8 20 43 20 30 18 8 17 22 29 18 6499 62 24 14 18 22026 17332 18 1 0 2 14 14 16248 25 11915 8666 17 10110 16248 23 21 40 6 18415 18776 33 18054 16 12 5777 6 
43 14 2166 8 9388 24 28 8 18 33 19 19 43 13360 69 85 16609 6138 11 15 19 18054 10 8 7 36 18 12999 19 9 52 11 84 12277 5 56 17693 56 18 20220 17 25 2 2 0 13 12638 15 12 11554 7 13 8305 17 39 25 18415 8 20 16971 25 18054 9 5 5 6 
44 5 9388 29 1083 10 15 4 10471 15 4333 12 55 4 62 59 52 5 3 5055 14804 20 14 16 32 6 7 4441 26 9493 15 35 8 4 8 22 12 14 57 28 13 2 23 14 13 0 12 11 24 13 4694 4 2665 14 13 16609 35 12 69 4885 74 21 12285 10 6499 31 
45 6 12 5055 12 3 3 12 9 22 13360 8 12638 18 19 10471 3630 42 9 17332 9 7 8 21 14082 32 21 6499 2166 29 1444 4 14 16 35 7 7 5584 20 7994 7994 40 14 14 12638 12 0 17 4 4 13721 17 10 3 39 8 20220 32 22 6883 14082 9 9749 32 22 16 
46 4 51 8 14 4 7 8 3 2 11 6 10 6 5 6499 23 22 26 18 5 17 42 17 15165 15887 14 7 6 10832 6 7 10 11193 11 3 3 10 31 7 7 7944 18 16248 15 11 17 0 7539 30 56 27 7944 7 7 12 71 35 7222 4663 10 11 18 11 12 18415 
47 8 7818 19 46 11 2 6980 9772 8376 16 18 14 10889 6 12 4188 12 18 64 39 4 3 35 11448 57 18 8935 5305 8 12 7 70 13123 8 6980 12 1675 3 28 15 45 13721 25 12 24 4 7539 0 2 12285 59 8655 6 12 8655 38 13 5305 12844 15 4747 4467 22 37 14 
48 22 15 7 13 20 1954 5305 32 6980 24 11 14 10 27 13 4 8376 8 18 34 7 4 8305 41 14 14798 14 20 15 2 8 13 11448 6 27 16 3350 3630 11 9326 9 52 11915 11554 13 4 30 2 0 22 13402 7259 8 10051 8 19 15 8 35 17 6 5305 5026 10 52 
49 7 3997 15 4 24 16 4663 44 13 9027 10 56 6 18 16 57 4 19 6 16 16 14 11 2220 2528 9388 7 31 9 59 12 10 7 4 13721 12 13960 14798 9770 7 4663 9 8666 7 4694 13721 56 12285 22 0 6499 3775 30 13123 17 11554 3 78 7772 35 22 11168 14 10 11915 
50 7 25 11 4333 13 15 6217 25 30 8 12 15 4 37 34 15636 7222 4663 4 19 23 28 16 40 5416 3 5995 20 49 68 23 11 3 10471 13721 29 21 17 29 3331 3553 28 17 13 4 17 27 59 13402 6499 0 20 15 18 19 5 46 21 5551 79 22 17 14 10 37 
51 3 16 4 4 5777 11 1332 5107 5773 9 6439 7994 6 13 10 20 7 2 23 8 14 8376 38 4663 10 24 3 12 6422 38 6 8 4 2 30 6 42 14 7106 19 2443 19 10110 8305 2665 10 7944 8655 7259 3775 20 0 18 9 17 16 6 13 6 43 14 9214 21 2665 12999 
52 6 12638 8 11915 3 6 8 17 2528 14 28 19 9 3 14 9 11915 15 22 5 7 9 13 64 16971 16248 11 1 10471 4333 12 39 25 10 2 5 10 26 12 7106 10 33 16248 17 14 3 7 6 8 30 15 18 0 6860 9 24 20 5416 5773 12 9772 13 12 15 18 
53 4885 17 13 16 17 13 14 9 3 42 3775 2 4441 9 4 12 44 22 33 12 12285 25 38 14519 23 27 15 8305 16 14 18 6661 24 45 6138 4 26 13 2665 11 6 21 23 39 13 39 7 12 10051 13123 18 9 6860 0 11 21 20 11193 3 9 15 30 12285 12285 23470 
54 24 17 38 16609 9 6701 8 5305 7 18 32 7 7328 2528 4467 5 13 30 21303 4 9 11 18 20 24 40 5773 19 11 30 16 11 66 12 7 4188 37 7259 9 9 9 87 21 25 16609 8 12 8655 8 17 19 17 9 11 0 23 18 10 29 6 13 14 47 15 22748 
55 12 18 18 39 20 37 12 32 23 9 8 65 6883 22387 24 19 25 15 6 40 44 18 27 15 12 13 11 41 18 21665 19 4663 14 18 36 71 21 26 9 5 7 38 40 18415 35 20220 71 38 19 11554 5 16 24 21 23 0 16 24914 6883 24 26 39 15 30 23470 
56 9 4 8376 36 14 13681 6217 14 14519 18 11769 70 11 20220 22 17 4 7328 11 16752 19 10889 8305 1 6 58 8882 18 8376 17 41 50 12 4441 21 17 14 60 14 12 7550 4 6 8 12 32 35 13 15 3 46 6 20 20 18 16 0 43 10658 41 17032 10 6701 3109 8 
57 40 19 10471 21 15 3350 23 9749 14 23 10214 14082 55 3 43 1117 64 14 22748 8 15 9 15 22 43 22 10832 5 11193 5 32 26 18 56 9 18 22 7 9326 10658 30 24 18415 20 69 22 7222 5305 8 78 21 13 5416 11193 10 24914 43 0 10 17 6 12638 14 65 22 
58 4 19 15 11 22 47 7 3 5 4 1 4 2 8 4885 12 27 8 14 5551 16 42 22 9548 10 20 3109 13 12 10 30 4 8 9 6 4 14240 17 2 4 6 18 18776 16971 4885 6883 4663 12844 35 7772 5551 6 5773 3 29 6883 10658 10 0 7 19 11991 9104 32 43 
59 11 35 13960 38 13721 13 13 7 7 15887 8 4 33 10832 3 11 17 10 22 6 14 16 97 39 24 24 8 15 18 15 12844 18 22 15636 12 22 16 28 6 36 9326 30 33 25 74 14082 10 15 17 35 79 43 12 9 6 24 41 17 7 0 67 21 16473 16752 28886 
60 13 12564 20 33 10051 10 13 13402 11448 23 37 68 31 10 59 22 30 28 20941 25 11 7 14082 32 24 21 26 9 9 28 10 25 17869 13 10610 13 3071 3071 71 73 32 19137 18054 18054 21 9 11 4747 6 22 22 14 9772 15 13 26 17032 6 19 67 0 10 10331 16 22 
61 9493 7 22 11448 12 6 8 14 13 15 53 17 16 13721 15915 8655 12 13 31 27 8655 3 4333 12 16 21 14 15 2792 10 7 15543 27 8 13 16 5 14 15 15 14 12 16 9 12285 9749 18 4467 5305 11168 17 9214 13 30 14 39 10 12638 11991 21 10 0 5 7818 30 
62 25 9 2 7259 15 28 5 10 39 22 10 18 10 51 17 36 6 13 23 13 40 4 3 6 18 12564 16 40 2 32 8 14 9214 5 10110 11 29 8376 10880 36 9 13 12 5 10 32 11 22 5026 14 14 21 12 12285 47 15 6701 14 9104 16473 10331 5 0 4 9 
63 4885 2 9 6 9 10 3 11 42 42 9104 17 22 15165 17 15 3 4219 10110 50 13 8097 6499 1998 6499 12277 6 12638 7 23 6422 10436 8305 3 45 14 10889 11727 10 14 6 5416 5777 5 6499 22 12 37 10 10 10 2665 15 12285 15 30 3109 65 32 16752 16 7818 4 0 9 
64 62 6 42 16 15165 15 49 20581 40 25 26 26 18 22 101 20 22 61 18 25 37 12 19 8305 13721 21303 69 18 9 30 12638 104 69 9388 17693 24 16 18 31 41 34 4 6 6 31 16 18415 14 52 11915 37 12999 18 23470 22748 23470 8 22 43 28886 22 30 9 9 0 

;param cto[*,*]
: 0 1 2 3 4 5 6 7 8 9 10 11 12 13 14 15 16 17 18 19 20 21 22 23 24 25 26 27 28 29 30 31 32 33 34 35 36 37 38 39 40 41 42 43 44 45 46 47 48 49 50 51 52 53 54 55 56 57 58 59 60 61 62 63 64:=
0 0 46 44 45 39 42 43 44 40 42 42 43 40 42 43 43 41 39 48 42 44 43 43 43 48 44 39 41 42 41 40 44 42 41 40 41 44 44 42 42 40 44 44 43 41 40 44 42 41 43 43 40 40 42 43 45 44 43 45 45 46 44 42 42 46 
1 46 0 40 42 42 44 41 49 45 44 46 51 43 49 51 45 44 46 44 46 46 46 43 40 42 45 43 44 40 47 42 47 43 39 44 46 44 45 47 45 43 40 40 39 42 43 44 43 42 41 44 41 44 46 46 50 41 46 45 49 46 42 39 43 45 
2 44 40 0 46 40 41 43 43 42 44 49 46 42 46 45 42 41 41 45 44 44 40 41 42 44 45 45 41 40 41 43 47 47 40 41 43 42 42 45 44 46 42 42 42 42 40 45 41 40 42 44 40 45 44 44 47 43 43 44 47 44 41 43 41 43 
3 45 42 46 0 42 49 41 47 44 40 43 45 40 45 49 46 39 40 41 45 47 49 47 41 40 45 41 44 44 44 47 44 39 41 43 44 46 47 44 41 40 43 43 42 38 47 43 45 44 44 40 40 44 44 46 43 42 46 42 47 48 45 42 40 45 
4 39 42 40 42 0 41 40 40 40 43 43 43 41 41 43 41 42 40 45 42 43 42 43 48 45 45 40 40 42 40 43 46 43 45 39 45 42 46 43 43 42 44 48 44 46 39 39 41 40 44 48 41 43 42 42 47 49 42 42 45 44 43 42 46 45 
5 42 44 41 49 41 0 42 43 42 46 46 46 44 41 44 39 44 47 48 43 40 40 43 46 47 48 43 40 41 39 40 49 46 43 41 43 40 43 50 46 45 46 45 45 46 44 42 39 39 46 51 44 41 44 42 50 47 40 45 50 41 46 42 48 49 
6 43 41 43 41 40 42 0 42 42 42 44 48 41 43 44 47 40 40 44 44 45 42 42 42 43 44 40 42 41 41 40 49 45 39 41 43 47 44 44 42 41 46 42 46 45 41 41 42 41 42 43 39 42 43 44 45 43 44 42 46 46 47 40 44 44 
7 44 49 43 47 40 43 42 0 39 42 41 40 40 41 40 43 47 41 49 44 45 44 46 46 46 44 43 41 44 42 42 47 43 43 40 39 45 44 41 46 41 47 47 46 43 41 39 44 43 45 44 42 40 39 41 46 51 43 40 46 46 46 48 44 48 
8 40 45 42 44 40 42 42 39 0 44 42 45 41 40 40 46 48 42 46 39 47 44 46 46 46 45 40 44 48 45 42 45 44 44 39 39 44 43 46 43 42 47 47 46 44 40 42 43 42 46 45 42 39 44 40 47 47 41 42 46 45 46 44 45 48 
9 42 44 44 40 43 46 42 42 44 0 40 43 40 49 44 47 42 41 41 44 49 47 46 44 46 40 41 48 46 45 44 41 39 43 43 43 48 48 42 38 39 46 46 45 40 44 47 47 46 42 40 41 44 43 46 41 45 47 40 46 50 51 45 43 48 
10 42 46 49 43 43 46 44 41 42 40 0 40 40 48 42 46 44 42 44 43 48 47 47 46 45 42 41 44 47 45 45 40 42 45 43 42 52 47 39 40 41 48 48 51 42 48 42 47 46 45 42 43 43 41 44 43 47 46 43 43 50 49 50 45 49 
11 43 51 46 45 43 46 48 40 45 43 40 0 42 43 40 49 46 43 46 41 47 47 48 48 51 45 46 43 47 45 45 42 44 46 42 40 48 47 39 42 43 49 49 49 45 44 42 51 46 47 49 44 43 39 46 46 49 45 40 44 49 53 47 47 55 
12 40 43 42 40 41 44 41 40 41 40 40 42 0 47 43 45 41 39 42 43 46 45 45 44 43 42 39 42 48 43 46 42 40 42 41 41 50 49 41 43 39 45 45 44 40 42 45 45 44 42 45 40 42 41 44 43 45 45 43 44 48 46 43 42 51 
13 42 49 46 45 41 41 43 41 40 49 48 43 47 0 42 40 45 43 48 40 42 43 45 51 51 47 42 39 44 44 45 47 46 44 40 41 42 41 44 45 44 47 47 46 46 40 40 46 41 51 47 44 39 42 39 49 48 39 44 43 43 45 44 45 48 
14 43 51 45 49 43 44 44 40 40 44 42 40 43 42 0 44 46 43 47 43 46 46 48 48 48 50 46 46 47 47 44 44 45 46 41 39 46 49 41 44 47 49 49 48 45 43 41 49 45 47 46 44 41 39 41 47 49 43 42 40 47 48 46 47 50 
15 43 45 42 46 41 39 47 43 46 47 46 49 45 40 44 0 45 44 49 46 40 42 44 47 48 52 43 44 43 40 41 49 47 44 41 42 44 39 49 46 45 47 46 46 46 40 42 40 44 47 48 44 41 44 41 54 48 38 49 49 41 43 44 45 47 
16 41 44 41 39 42 44 40 47 48 42 44 46 41 45 46 45 0 40 42 45 51 44 42 40 44 43 46 44 46 47 42 45 41 39 43 44 45 46 45 42 41 42 42 41 40 43 43 44 43 39 41 39 44 45 50 44 45 46 43 48 47 44 41 39 43 
17 39 46 41 40 40 47 40 41 42 41 42 43 39 43 43 44 40 0 42 43 46 44 43 43 42 42 43 42 43 42 45 44 44 41 41 42 45 49 42 44 43 44 44 47 40 42 41 44 43 42 42 39 42 42 44 44 44 44 41 45 47 45 42 41 45 
18 48 44 45 41 45 48 44 49 46 41 44 46 42 48 47 49 42 42 0 47 50 51 50 43 40 44 48 51 46 47 46 43 44 43 46 46 49 49 45 42 42 45 49 44 40 46 46 48 47 45 39 42 46 46 48 40 47 49 43 53 51 48 45 43 51 
19 42 46 44 45 42 43 44 44 39 44 43 41 43 40 43 46 45 43 47 0 44 45 47 51 48 46 42 40 45 42 43 49 45 45 40 43 48 44 42 44 44 48 52 51 45 42 40 44 43 47 46 44 40 40 39 48 49 45 42 41 46 47 45 46 49 
20 44 46 44 47 43 40 45 45 47 49 48 47 46 42 46 40 51 46 50 44 0 42 45 48 49 50 45 42 43 41 42 51 48 45 43 48 40 39 48 52 47 47 51 47 48 42 43 44 41 52 50 46 46 46 43 52 49 40 47 51 40 43 44 50 47 
21 43 46 40 49 42 40 42 44 44 47 47 47 45 43 46 42 44 44 51 45 42 0 41 44 46 48 44 42 43 44 40 49 50 42 43 45 40 41 47 47 45 47 43 47 45 41 43 39 39 45 47 43 46 46 44 53 45 46 46 52 42 40 44 43 43 
22 43 43 41 47 43 43 42 46 46 46 47 48 45 45 48 44 42 43 50 47 45 41 0 42 44 51 48 44 39 43 42 49 45 41 44 46 43 44 48 46 44 44 40 40 44 43 45 42 42 43 49 42 48 47 50 48 42 49 47 50 45 40 39 41 40 
23 43 40 42 41 48 46 42 46 46 44 46 48 44 51 48 47 40 43 43 51 48 44 42 0 44 44 44 46 42 45 44 47 43 40 45 47 46 47 47 48 43 40 40 40 42 45 45 45 44 40 43 42 46 47 48 49 42 47 46 50 48 44 45 39 42 
24 48 42 44 40 45 47 43 46 46 46 45 51 43 51 48 48 44 42 40 48 49 46 44 44 0 42 44 46 45 46 49 45 41 42 49 46 48 48 46 43 42 42 43 42 40 46 46 47 46 39 40 42 46 47 49 43 45 49 44 53 50 46 44 41 45 
25 44 45 45 45 45 48 44 44 45 40 42 45 42 47 50 52 43 42 44 46 50 48 51 44 42 0 47 46 47 47 50 41 40 44 45 45 49 49 43 44 41 46 47 46 41 46 49 48 47 42 39 43 46 45 48 39 45 52 42 47 55 49 46 44 48 
26 39 43 45 41 40 43 40 43 40 41 41 46 39 42 46 43 46 43 48 42 45 44 48 44 44 47 0 41 43 42 41 43 41 42 43 40 45 44 41 41 40 45 45 44 41 41 40 44 42 47 43 40 40 41 42 45 45 43 40 44 46 45 43 46 46 
27 41 44 41 44 40 40 42 41 44 48 44 43 42 39 46 44 44 42 51 40 42 42 44 46 46 46 41 0 42 39 40 46 45 43 39 41 42 41 47 44 47 46 46 45 44 39 39 41 40 46 46 42 42 42 40 48 50 40 43 44 47 44 43 44 50 
28 42 40 40 44 42 41 41 44 48 46 47 47 48 44 47 43 46 43 46 45 43 43 39 42 45 47 43 42 0 41 40 49 45 40 43 45 45 42 47 46 44 42 41 41 44 41 43 40 40 47 46 42 43 46 49 48 43 43 46 48 47 40 39 41 42 
29 41 47 41 44 40 39 41 42 45 45 45 45 43 44 47 40 47 42 47 42 41 44 43 45 46 47 42 39 41 0 39 51 45 42 40 42 41 40 49 45 44 45 45 44 45 38 44 40 43 45 46 42 40 43 42 49 50 44 44 49 42 42 42 44 45 
30 40 42 43 47 43 40 40 42 42 44 45 45 46 45 44 41 42 45 46 43 42 40 42 44 49 50 41 40 40 39 0 51 44 45 40 42 41 41 45 44 43 44 43 43 43 39 41 40 39 44 45 41 41 44 43 48 44 42 44 46 43 42 40 42 44 
31 44 47 47 44 46 49 49 47 45 41 40 42 42 47 44 49 45 44 43 49 51 49 49 47 45 41 43 46 49 51 51 0 42 46 45 44 50 50 41 41 42 49 49 48 43 47 45 49 52 45 42 48 46 43 51 42 48 48 41 45 52 50 48 46 51 
32 42 43 47 39 43 46 45 43 44 39 42 44 40 46 45 47 41 44 44 45 48 50 45 43 41 40 41 45 45 45 44 42 0 46 43 48 47 47 47 40 39 48 45 44 39 44 43 46 45 41 39 40 44 44 46 41 47 51 41 47 49 47 44 42 46 
33 41 39 40 41 45 43 39 43 44 43 45 46 42 44 46 44 39 41 43 45 45 42 41 40 42 44 42 43 40 42 45 46 46 0 42 48 44 44 45 43 42 41 41 44 41 42 43 46 46 41 43 40 47 45 49 46 41 45 44 48 50 42 39 39 42 
34 40 44 41 43 39 41 41 40 39 43 43 42 41 40 41 41 43 41 46 40 43 43 44 45 49 45 43 39 43 40 40 45 43 42 0 40 43 42 42 43 46 46 46 45 43 40 38 42 41 45 45 42 38 41 41 47 46 41 42 43 45 48 43 43 47 
35 41 46 43 44 45 43 43 39 39 43 42 40 41 41 39 42 44 42 46 43 48 45 46 47 46 45 40 41 45 42 42 44 48 48 40 0 45 44 45 42 42 47 47 47 48 45 43 44 43 49 45 47 40 39 40 47 48 42 41 41 50 46 49 45 49 
36 44 44 42 46 42 40 47 45 44 48 52 48 50 42 46 44 45 45 49 48 40 40 43 46 48 49 45 42 45 41 41 50 47 44 43 45 0 39 48 48 50 45 49 45 51 41 44 39 40 47 49 45 43 46 44 55 51 41 47 52 40 45 42 45 45 
37 44 45 42 47 46 43 44 44 43 48 47 47 49 41 49 39 46 49 49 44 39 41 44 47 48 49 44 41 42 40 41 50 47 44 42 44 39 0 47 47 46 46 46 46 47 41 43 40 40 47 52 45 42 45 42 51 47 40 47 47 40 42 43 45 46 
38 42 47 45 44 43 50 44 41 46 42 39 39 41 44 41 49 45 42 45 42 48 47 48 47 46 43 41 47 47 49 45 41 47 45 42 45 48 47 0 41 42 49 49 48 43 44 42 47 46 46 44 44 43 40 44 44 48 45 39 42 49 49 47 50 50 
39 42 45 44 41 43 46 42 46 43 38 40 42 43 45 44 46 42 44 42 44 52 47 46 48 43 44 41 44 46 45 44 41 40 43 43 42 48 47 41 0 43 46 46 46 40 44 43 47 45 43 40 42 44 42 49 46 45 46 40 45 49 47 45 43 48 
40 40 43 46 40 42 45 41 41 42 39 41 43 39 44 47 45 41 43 42 44 47 45 44 43 42 41 40 47 44 44 43 42 39 42 46 42 50 46 42 43 0 44 45 44 39 43 42 45 48 42 41 40 42 42 45 43 44 45 40 45 48 46 43 42 46 
41 44 40 42 43 44 46 46 47 47 46 48 49 45 47 49 47 42 44 45 48 47 47 44 40 42 46 45 46 42 45 44 49 48 41 46 47 45 46 49 46 44 0 42 38 44 49 46 45 44 42 45 43 46 52 49 47 40 47 51 51 47 42 41 40 44 
42 44 40 42 43 48 45 42 47 47 46 48 49 45 47 49 46 42 44 49 52 51 43 40 40 43 47 45 46 41 45 43 49 45 41 46 47 49 46 49 46 45 42 0 42 44 48 46 44 44 42 45 43 46 48 52 48 40 47 47 51 47 42 41 41 39 
43 43 39 42 42 44 45 46 46 46 45 51 49 44 46 48 46 41 47 44 51 47 47 40 40 42 46 44 45 41 44 43 48 44 44 45 47 45 46 48 46 44 38 42 0 43 44 49 48 44 45 48 42 45 47 48 47 40 47 46 54 47 42 44 40 40 
44 41 42 42 38 46 46 45 43 44 40 42 45 40 46 45 46 40 40 40 45 48 45 44 42 40 41 41 44 44 45 43 43 39 41 43 48 51 47 43 40 39 44 44 43 0 48 47 46 45 40 43 40 44 48 46 42 43 46 42 47 49 46 43 41 46 
45 40 43 40 47 39 44 41 41 40 44 48 44 42 40 43 40 43 42 46 42 42 41 43 45 46 46 41 39 41 38 39 47 44 42 40 45 41 41 44 44 43 49 48 44 48 0 40 44 39 45 46 42 39 43 41 48 46 40 43 45 43 43 42 43 49 
46 44 44 45 43 39 42 41 39 42 47 42 42 45 40 41 42 43 41 46 40 43 43 45 45 46 49 40 39 43 44 41 45 43 43 38 43 44 43 42 43 42 46 46 49 47 40 0 43 42 45 45 42 39 40 41 47 46 41 42 47 49 45 47 48 47 
47 42 43 41 45 41 39 42 44 43 47 47 51 45 46 49 40 44 44 48 44 44 39 42 45 47 48 44 41 40 40 40 49 46 46 42 44 39 40 47 47 45 45 44 48 46 44 43 0 39 46 47 43 46 49 43 50 50 41 46 51 41 41 41 44 44 
48 41 42 40 44 40 39 41 43 42 46 46 46 44 41 45 44 43 43 47 43 41 39 42 44 46 47 42 40 40 43 39 52 45 46 41 43 40 40 46 45 48 44 44 44 45 39 42 39 0 45 46 42 41 44 46 49 45 41 45 46 46 41 41 43 44 
49 43 41 42 44 44 46 42 45 46 42 45 47 42 51 47 47 39 42 45 47 52 45 43 40 39 42 47 46 47 45 44 45 41 41 45 49 47 47 46 43 42 42 42 45 40 45 45 46 45 0 41 41 45 46 48 44 44 47 44 49 49 45 42 40 44 
50 43 44 44 40 48 51 43 44 45 40 42 49 45 47 46 48 41 42 39 46 50 47 49 43 40 39 43 46 46 46 45 42 39 43 45 45 49 52 44 40 41 45 45 48 43 46 45 47 46 41 0 42 49 45 51 44 44 52 42 48 51 47 45 42 47 
51 40 41 40 40 41 44 39 42 42 41 43 44 40 44 44 44 39 39 42 44 46 43 42 42 42 43 40 42 42 42 41 48 40 40 42 47 45 45 44 42 40 43 43 42 40 42 42 43 42 41 42 0 42 43 45 44 42 48 42 46 50 44 41 40 44 
52 40 44 45 44 43 41 42 40 39 44 43 43 42 39 41 41 44 42 46 40 46 46 48 46 46 46 40 42 43 40 41 46 44 47 38 40 43 42 43 44 42 46 46 45 44 39 39 46 41 45 49 42 0 41 40 47 47 40 42 43 44 48 43 44 51 
53 42 46 44 44 42 44 43 39 44 43 41 39 41 42 39 44 45 42 46 40 46 46 47 47 47 45 41 42 46 43 44 43 44 45 41 39 46 45 40 42 42 52 48 47 48 43 40 49 44 46 45 43 41 0 41 46 48 43 44 41 51 47 46 46 49 
54 43 46 44 46 42 42 44 41 40 46 44 46 44 39 41 41 50 44 48 39 43 44 50 48 49 48 42 40 49 42 43 51 46 49 41 40 44 42 44 49 45 49 52 48 46 41 41 43 46 48 51 45 40 41 0 53 53 40 44 46 44 46 45 46 49 
55 45 50 47 43 47 50 45 46 47 41 43 46 43 49 47 54 44 44 40 48 52 53 48 49 43 39 45 48 48 49 48 42 41 46 47 47 55 51 44 46 43 47 48 47 42 48 47 50 49 44 44 44 47 46 53 0 50 50 43 49 53 50 51 45 49 
56 44 41 43 42 49 47 43 51 47 45 47 49 45 48 49 48 45 44 47 49 49 45 42 42 45 45 45 50 43 50 44 48 47 41 46 48 51 47 48 45 44 40 40 40 43 46 46 50 45 44 44 42 47 48 53 50 0 48 46 51 49 48 42 40 42 
57 43 46 43 46 42 40 44 43 41 47 46 45 45 39 43 38 46 44 49 45 40 46 49 47 49 52 43 40 43 44 42 48 51 45 41 42 41 40 45 46 45 47 47 47 46 40 41 41 41 47 52 48 40 43 40 50 48 0 45 44 46 44 44 46 47 
58 45 45 44 42 42 45 42 40 42 40 43 40 43 44 42 49 43 41 43 42 47 46 47 46 44 42 40 43 46 44 44 41 41 44 42 41 47 47 39 40 40 51 47 46 42 43 42 46 45 44 42 42 42 44 44 43 46 45 0 47 49 47 45 44 49 
59 45 49 47 47 45 50 46 46 46 46 43 44 44 43 40 49 48 45 53 41 51 52 50 50 53 47 44 44 48 49 46 45 47 48 43 41 52 47 42 45 45 51 51 54 47 45 47 51 46 49 48 46 43 41 46 49 51 44 47 0 49 50 48 49 52 
60 46 46 44 48 44 41 46 46 45 50 50 49 48 43 47 41 47 47 51 46 40 42 45 48 50 55 46 47 47 42 43 52 49 50 45 50 40 40 49 49 48 47 47 47 49 43 49 41 46 49 51 50 44 51 44 53 49 46 49 49 0 43 44 47 47 
61 44 42 41 45 43 46 47 46 46 51 49 53 46 45 48 43 44 45 48 47 43 40 40 44 46 49 45 44 40 42 42 50 47 42 48 46 45 42 49 47 46 42 42 42 46 43 45 41 41 45 47 44 48 47 46 50 48 44 47 50 43 0 40 43 42 
62 42 39 43 42 42 42 40 48 44 45 50 47 43 44 46 44 41 42 45 45 44 44 39 45 44 46 43 43 39 42 40 48 44 39 43 49 42 43 47 45 43 41 41 44 43 42 47 41 41 42 45 41 43 46 45 51 42 44 45 48 44 40 0 44 42 
63 42 43 41 40 46 48 44 44 45 43 45 47 42 45 47 45 39 41 43 46 50 43 41 39 41 44 46 44 41 44 42 46 42 39 43 45 45 45 50 43 42 40 41 40 41 43 48 44 43 40 42 40 44 46 46 45 40 46 44 49 47 43 44 0 46 
64 46 45 43 45 45 49 44 48 48 48 49 55 51 48 50 47 43 45 51 49 47 43 40 42 45 48 46 50 42 45 44 51 46 42 47 49 45 46 50 48 46 44 39 40 46 49 47 44 44 44 47 44 51 49 49 49 42 47 49 52 47 42 42 46 0 

;param d[*,*]
: 0 1 2 3 4 5 6 7 8 9 10 11 12 13 14 15 16 17 18 19 20 21 22 23 24 25 26 27 28 29 30 31 32 33 34 35 36 37 38 39 40 41 42 43 44 45 46 47 48 49 50 51 52 53 54 55 56 57 58 59 60 61 62 63 64:=
0 0.0 0 0 0 0.43 0.42 0 0 0.92 0 1.02 0 0.2 2.79 0 2.54 0 0.49 0 0 0.6 2.54 1.85 0 0 1.29 0 1.51 2.26 0.3 0.23 0.62 0.37 1.05 0.62 1.11 3.11 3.01 1.02 0 0.55 2.22 4.56 1.21 0 0.23 0 0 1.23 0 0 0 0.55 1.36 1.06 0 0 2.63 0 0 0 3.2 1.36 1.36 4.05 
1 0 0.0 0.23 2.91 1.02 0.55 0.27 0 3.76 1.45 0 0 1.21 0 0 0.67 0 0 0.6 4.42 0.73 0 0 0.47 1.54 5.32 1.85 1.37 0.23 0 0 0 1.21 0.49 4.18 0 3.2 3.58 0.83 0 1.79 0.68 0.39 0.76 3.29 0.48 3.29 2.63 1.02 1.11 2.09 0.7 4.43 0.8 0.8 0 0 1.68 0.7 2.46 4.23 0.35 0.49 0 0 
2 0 0.23 0.0 0 1.52 0 0 2.54 0.43 3.2 0 1.68 2.35 0 1.56 1.6 1.69 0.7 0 1.33 3.01 0.25 2.03 0.98 3.11 0 0 2.53 0.62 1.51 0 0 0 0.94 1.17 2.82 0.4 0.43 2.53 0 0 0.98 2.26 0.35 1.6 1.77 0 1.05 0.51 1.02 0 0 0 0.6 2.09 0.85 2.82 3.67 0.57 4.71 1.37 1.23 0 0.63 2.73 
3 0 2.91 0 0.0 0.43 0 0 0 4.31 0.86 1.72 2.4 0.59 0.7 0 2.83 0.55 0.74 2.03 2.53 0.9 0 0 0.32 0.55 0 1.23 4.43 3.01 4.56 0 0.53 0.75 1.51 2.73 2.09 4.52 0.82 0 0 0 1.13 2.92 3.29 0.38 0 1.17 2.53 0.6 0 1.52 0.17 4.18 1.41 5.83 2.54 2.35 1.84 0.4 3.2 2.31 3.86 2.45 0.25 0.67 
4 0.43 1.02 1.52 0.43 0.0 0.3 0.47 1.9 0.23 2.82 0 1.21 2.28 0.28 2.54 0.33 2.26 0.92 5.19 0.82 2.73 1.36 3.67 0 1.49 1.56 1.39 1.27 2.66 1.39 0 2.65 0.48 0 0.89 0 0.43 0 1.91 1.79 1.98 4.69 0 2.03 0 0.12 0.15 0.78 1.32 2.03 0 2.03 0 1.48 0.37 0.82 0 1.29 0.98 4.81 3.39 0.5 1.29 0 5.32 
5 0.42 0.55 0 0 0.3 0.0 2.45 1.17 1.54 2.96 4.52 0 3.39 0.27 0.62 0 3.48 0 0 0 1.13 1.22 3.67 1.72 2.07 0 1.13 0 1.23 0.37 1.22 1.0 2.83 2.82 0.78 0 0.62 0 0 0 3.67 4.05 5.07 2.4 0.73 0 0 0 0.66 0.77 0 0.53 0.3 0.62 2.26 2.62 4.61 1.13 2.59 0 0.7 0 1.54 0 0 
6 0 0.27 0 0 0.47 2.45 0.0 0 0.4 0.98 1.97 0 0.66 0.48 2.28 0 0 0.17 0.53 0.53 0 0.38 0.37 1.36 0 0 0 0.86 0.3 2.53 1.13 0 0 0.49 1.11 0 0 3.11 0 0.43 0.27 0 3.29 0 0 1.05 0.32 2.35 1.79 1.29 1.72 0.37 0.35 0.52 0 0 1.72 1.97 0 0 0 0 0.23 0 3.2 
7 0 0 2.54 0 1.9 1.17 0 0.0 0.66 3.17 0.7 0.92 0 0.74 0 2.63 0 0.3 0 0 3.67 2.28 5.57 4.14 0.72 0.58 0 1.51 2.28 0.94 2.35 0 2.63 1.91 0.17 0.31 3.76 3.39 0.27 0 1.23 1.96 0.83 0.77 3.67 0.78 0.13 3.29 1.79 2.4 2.16 1.42 1.13 0.49 1.79 2.71 0 3.42 0 0 4.52 0 0 0 7.22 
8 0.92 3.76 0.43 4.31 0.23 1.54 0.4 0.66 0.0 1.97 0 0 0.33 0.47 0.51 0 0 0 1.84 0.43 0 0 2.65 4.42 0.8 3.95 0.55 0 0 0 2.07 0 4.18 1.29 0.66 0.31 0.58 0.5 0 1.79 0.42 1.99 3.08 2.83 1.33 1.41 0 2.82 2.35 0 2.53 1.6 0.89 0 0.47 1.99 4.89 1.23 0 0 3.86 0 2.16 2.34 3.45 
9 0 1.45 3.2 0.86 2.82 2.96 0.98 3.17 1.97 0.0 0 1.13 0 0 4.56 1.96 2.16 0.99 0.66 4.69 1.0 0.82 5.83 1.33 0 0.39 1.17 0 0.72 5.32 0.62 1.05 0.89 2.82 1.85 0.5 0.94 5.18 1.36 0.25 0.55 4.14 0.77 1.6 1.52 4.69 0 0 1.68 3.17 0.68 0.33 0.58 2.73 0.73 0.74 1.52 1.96 0 5.57 1.1 0 1.52 2.73 2.15 
10 1.02 0 0 1.72 0 4.52 1.97 0.7 0 0 0.0 0 0.92 0 0 1.84 0 0 0.53 1.72 2.27 0.89 6.84 2.9 2.46 0.38 0 0 3.08 1.6 1.56 0 1.36 1.52 0 0 0 3.33 0.43 0.68 0 3.45 3.51 0 0.43 0 0 0.85 0 0 0.43 1.79 1.21 1.05 1.41 0 3.26 2.83 0 0 2.58 2.35 0 2.53 1.09 
11 0 0 1.68 2.4 1.21 0 0 0.92 0 1.13 0 0.0 0 1.17 0.17 0 4.14 0 5.83 1.11 4.89 0 7.48 2.23 0 1.49 0 1.21 3.2 0.65 3.76 0.43 3.29 4.33 3.17 1.41 0 0.83 0 0.98 0.48 2.5 2.5 3.7 3.58 4.43 0.9 0 0 3.08 0 2.22 1.66 0 0 4.23 3.88 4.94 0 0 3.76 0 0.85 0.82 0 
12 0.2 1.21 2.35 0.59 2.28 3.39 0.66 0 0.33 0 0.92 0 0.0 0 1.06 2.34 0.78 0.12 1.6 0.45 0 2.4 0.65 0 1.79 1.36 0.12 3.29 0 3.8 0 0 0 0.38 1.69 0.33 0 0 0.32 0 0 3.86 3.95 4.69 0 1.54 0 3.67 0 0 0 0.22 0.38 1.23 2.03 1.91 0 3.58 0 1.45 2.15 0.75 0 0.98 0 
13 2.79 0 0 0.7 0.28 0.27 0.48 0.74 0.47 0 0 1.17 0 0.0 2.79 1.04 5.19 0.5 3.51 1.22 0.82 1.72 2.59 0 0 3.26 2.91 0.89 3.11 0 0 3.14 0.72 1.41 0.51 0.63 1.02 1.23 0.57 0 4.43 3.26 1.99 4.52 4.05 1.22 0.22 0 1.79 0 3.14 0.55 0.13 0.38 0.89 7.86 7.1 0.13 0 3.8 0 4.81 3.29 5.32 0.92 
14 0 0 1.56 0 2.54 0.62 2.28 0 0.51 4.56 0 0.17 1.06 2.79 0.0 3.11 2.83 0 6.72 0 0.72 4.42 7.1 0.97 5.27 0 0 0 3.02 0 0 2.22 3.76 4.23 2.53 0.55 4.42 0 0 0 0 2.5 5.93 5.55 3.86 3.67 2.28 0 0.63 0 2.9 0 1.23 0.27 1.51 2.07 1.07 2.82 1.36 0 3.26 5.36 0.8 0.82 6.59 
15 2.54 0.67 1.6 2.83 0.33 0 0 2.63 0 1.96 1.84 0 2.34 1.04 3.11 0.0 0.7 0.58 2.39 0 0.94 0 1.45 1.99 2.27 0 2.82 0 0.47 0 1.79 0 4.61 1.41 1.88 2.45 0 0.15 0 2.96 0.68 6.33 4.52 5.83 2.9 1.22 1.29 1.41 0 3.14 5.27 1.41 0.63 0.55 0 0 0 0.38 0 0 1.23 2.92 1.97 0.7 0.83 
16 0 0 1.69 0.55 2.26 3.48 0 0 0 2.16 0 4.14 0.78 5.19 2.83 0.7 0.0 0.86 2.16 3.95 0 3.01 0.9 0 0 2.63 0 4.31 0 0 2.26 1.6 1.6 0.31 3.67 2.22 1.64 1.72 1.52 0 0 0.35 0.86 2.15 0.2 2.73 1.85 0.58 2.82 0.15 2.53 0.31 4.18 2.4 0 2.16 0 4.14 1.17 0 2.07 0.55 0.3 0.1 1.91 
17 0.49 0 0.7 0.74 0.92 0 0.17 0.3 0 0.99 0 0 0.12 0.5 0 0.58 0.86 0.0 1.6 0 0 0 2.92 0 1.6 1.54 0 0.4 1.09 1.02 0 0.53 0 0 0.66 1.36 0.65 0 1.6 0 0 1.33 4.31 0 0 0.37 1.69 1.29 0 0.82 1.29 0 1.29 0.98 1.33 0.57 2.03 0.6 0.28 0 1.96 0.63 0.94 1.17 3.95 
18 0 0.6 0 2.03 5.19 0 0.53 0 1.84 0.66 0.53 5.83 1.6 3.51 6.72 2.39 2.16 1.6 0.0 4.99 6.59 0 0 3.55 1.22 0 0 0 2.9 4.89 4.23 1.79 0 1.91 2.71 1.8 3.94 0 0 0 0.82 4.94 0 0.62 1.77 6.08 0.73 3.51 0.87 0 0.37 1.02 1.88 2.83 7.48 0.55 0 7.98 0.52 0 7.06 2.19 1.6 3.55 0 
19 0 4.42 1.33 2.53 0.82 0 0.53 0 0.43 4.69 1.72 1.11 0.45 1.22 0 0 3.95 0 4.99 0.0 0.57 2.4 0.83 0 6.97 2.9 0.35 1.9 0 1.48 0 0 0.67 1.56 0.23 0 0 0 0.9 0 1.25 0.97 0 0 5.19 0.82 0.47 2.16 1.85 0 0.78 0 0.2 0.68 0.31 3.45 5.65 0 1.54 0.28 1.72 1.92 0 2.77 1.05 
20 0.6 0.73 3.01 0.9 2.73 1.13 0 3.67 0 1.0 2.27 4.89 0 0.82 0.72 0.94 0 0 6.59 0.57 0.0 1.36 0.67 5.27 1.09 6.59 3.76 2.07 1.91 0.7 0 2.78 5.46 1.64 1.85 0 0 0.37 3.39 0 3.08 3.33 0 6.33 0.94 0 1.21 0 0.32 0 1.1 0 0 4.14 0.45 3.09 0 0.8 0 0 0.62 2.92 2.22 0 3.14 
21 2.54 0 0.25 0 1.36 1.22 0.38 2.28 0 0.82 0.89 0 2.4 1.72 4.42 0 3.01 0 0 2.4 1.36 0.0 0.7 0.6 0 2.23 2.03 2.16 0 0 0 0 0 2.26 3.42 3.58 0.17 0 3.26 3.02 0 0 0.48 0 0.68 0.7 2.73 0.23 0.31 0.67 1.99 2.82 0 1.76 0 0 3.67 0 1.84 0 0 0 0 2.73 0.5 
22 1.85 0 2.03 0 3.67 3.67 0.37 5.57 2.65 5.83 6.84 7.48 0.65 2.59 7.1 1.45 0.9 2.92 0 0.83 0.67 0.7 0.0 2.66 0.58 0 0 4.43 0.15 1.79 2.66 3.88 3.76 0.63 3.39 1.84 1.09 3.2 0.95 1.84 3.48 0 0.68 0.68 1.37 1.79 1.49 2.26 2.91 0.47 0 2.45 0 3.2 0 2.31 2.91 0 1.92 6.3 4.94 1.52 0.13 2.28 1.22 
23 0 0.47 0.98 0.32 0 1.72 1.36 4.14 4.42 1.33 2.9 2.23 0 0 0.97 1.99 0 0 3.55 0 5.27 0.6 2.66 0.0 0 2.22 0 5.57 0.43 5.19 3.01 3.2 1.66 0 3.76 4.61 0.77 0.83 0.87 0 0 1.04 1.32 0.62 2.07 4.94 5.32 3.86 2.28 0.62 2.63 1.29 4.14 4.89 0.95 0 0 0.9 2.65 2.7 2.27 0.55 0 0.55 2.91 
24 0 1.54 3.11 0.55 1.49 2.07 0 0.72 0.8 0 2.46 0 1.79 0 5.27 2.27 0 1.6 1.22 6.97 1.09 0 0.58 0 0.0 0.38 0.57 6.08 3.58 1.88 0 0 0.7 0.9 0 6.08 2.23 2.31 2.83 0.47 0.94 1.02 2.82 2.35 0.23 2.71 5.57 3.14 0 0.89 1.9 0.37 5.95 1.96 1.0 1.06 0 3.7 0 0 1.15 0.78 1.25 2.28 4.81 
25 1.29 5.32 0 0 1.56 0 0 0.58 3.95 0.39 0.38 1.49 1.36 3.26 0 0 2.63 1.54 0 2.9 6.59 2.23 0 2.22 0.38 0.0 0 0.8 0 6.46 0 0.3 0.47 2.22 5.07 2.46 1.09 6.12 0 0 1.17 2.9 0.83 0.75 0.63 1.84 0 0 4.99 3.29 0.13 1.06 5.7 2.34 3.39 0.85 3.76 0 0.9 2.07 0 1.02 4.23 4.31 7.48 
26 0 1.85 0 1.23 1.39 1.13 0 0 0.55 1.17 0 0 0.12 2.91 0 2.82 0 0 0 0.35 3.76 2.03 0 0 0.57 0 0.0 0.7 2.82 2.07 1.88 0 0 0.37 0 0.55 0.63 2.22 0.78 0.66 0.68 1.6 2.53 4.56 1.23 2.28 0.62 3.01 0.98 0 1.66 0 0.92 0.66 1.6 0 2.46 3.8 0.86 0 1.84 0.67 1.09 0 4.52 
27 1.51 1.37 2.53 4.43 1.27 0 0.86 1.51 0 0 0 1.21 3.29 0.89 0 0 4.31 0.4 0 1.9 2.07 2.16 4.43 5.57 6.08 0.8 0.7 0.0 3.29 1.01 0.55 2.96 1.49 1.13 0.89 0.99 2.26 1.79 0 1.41 0 0.77 0.73 1.6 2.22 0.76 0.49 1.79 1.32 2.65 1.76 1.02 0 2.91 1.22 3.51 0 0.2 0.5 1.29 0 1.29 2.63 4.43 0 
28 2.26 0.23 0.62 3.01 2.66 1.23 0.3 2.28 0 0.72 3.08 3.2 0 3.11 3.02 0.47 0 1.09 2.9 0 1.91 0 0.15 0.43 3.58 0 2.82 3.29 0.0 1.79 0.47 3.7 0 0.25 0.47 2.4 0 0 0 0 0 0.38 0.33 0.74 3.2 1.88 3.8 0.59 0.8 0 2.71 2.16 3.67 0.75 0 0 2.82 3.93 0 0 0 0.94 0.1 0.33 0.37 
29 0.3 0 1.51 4.56 1.39 0.37 2.53 0.94 0 5.32 1.6 0.65 3.8 0 0 0 0 1.02 4.89 1.48 0.7 0 1.79 5.19 1.88 6.46 2.07 1.01 1.79 0.0 0.85 0 2.46 0.43 1.32 3.04 0 0 0 0 1.97 3.86 1.49 3.39 0.63 0.51 0 0.68 0 3.86 4.42 2.45 1.52 1.21 1.98 7.6 0 0 0 0 1.54 0.42 2.07 1.97 2.59 
30 0.23 0 0 0 0 1.22 1.13 2.35 2.07 0.62 1.56 3.76 0 0 0 1.79 2.26 0 4.23 0 0 0 2.66 3.01 0 0 1.88 0.55 0.47 0.85 0.0 0 2.09 0 1.41 1.6 1.17 0.78 0.67 1.41 0 0.53 1.85 0.45 1.91 0.31 0.28 0.51 0.43 0.55 1.6 0 0.99 1.29 1.09 0.92 2.28 2.07 1.33 4.33 0.5 0 0.55 2.16 4.43 
31 0.62 0 0 0.53 2.65 1.0 0 0 0 1.05 0 0.43 0 3.14 2.22 0 1.6 0.53 1.79 0 2.78 0 3.88 3.2 0 0.3 0 2.96 3.7 0 0 0.0 0.4 1.84 0 1.37 1.15 0 0.7 0 1.6 3.76 2.5 5.46 0 0 0 3.88 0 0 0.42 0 1.72 1.85 0 1.29 2.19 0.99 0 0.67 0 4.31 0 2.9 6.78 
32 0.37 1.21 0 0.75 0.48 2.83 0 2.63 4.18 0.89 1.36 3.29 0 0.72 3.76 4.61 1.6 0 0 0.67 5.46 0 3.76 1.66 0.7 0.47 0 1.49 0 2.46 2.09 0.4 0.0 0 1.85 0 0 0.89 0 0.62 0.31 0 1.52 4.31 0.31 1.41 3.93 4.42 3.86 0.3 0.12 0 2.16 2.03 4.33 1.23 0 0 0.32 1.92 6.02 1.92 3.11 2.91 4.52 
33 1.05 0.49 0.94 1.51 0 2.82 0.49 1.91 1.29 2.82 1.52 4.33 0.38 1.41 4.23 1.41 0.31 0 1.91 1.56 1.64 2.26 0.63 0 0.9 2.22 0.37 1.13 0.25 0.43 0 1.84 0 0.0 0.43 0 3.11 3.39 0 0.52 1.29 2.28 2.28 0 0.32 2.26 0.47 0 0 0 3.67 0 0 2.46 0 0.73 1.23 3.67 0 5.27 0 0 0.35 0.1 3.29 
34 0.62 4.18 1.17 2.73 0.89 0.78 1.11 0.17 0.66 1.85 0 3.17 1.69 0.51 2.53 1.88 3.67 0.66 2.71 0.23 1.85 3.42 3.39 3.76 0 5.07 0 0.89 0.47 1.32 1.41 0 1.85 0.43 0.0 0.43 0.5 0 1.02 1.09 0 2.71 4.05 3.67 1.85 0.62 0.19 2.35 1.79 4.81 4.81 1.98 0.07 2.15 0.28 3.08 1.8 0.74 0 0.52 3.58 0 3.55 2.92 6.21 
35 1.11 0 2.82 2.09 0 0 0 0.31 0.31 0.5 0 1.41 0.33 0.63 0.55 2.45 2.22 1.36 1.8 0 0 3.58 1.84 4.61 6.08 2.46 0.55 0.99 2.4 3.04 1.6 1.37 0 0 0.43 0.0 2.46 1.37 0 1.6 0.98 5.08 2.07 6.21 0 0 0 0.58 1.13 0 2.46 0 0.47 0.27 1.41 4.61 0 1.54 0 1.23 0 0.78 0 0.67 1.0 
36 3.11 3.2 0.4 4.52 0.43 0.62 0 3.76 0.58 0.94 0 0 0 1.02 4.42 0 1.64 0.65 3.94 0 0 0.17 1.09 0.77 2.23 1.09 0.63 2.26 0 0 1.17 1.15 0 3.11 0.5 2.46 0.0 0.12 5.27 3.39 0 1.64 0 3.67 0 1.88 0 0.56 1.13 4.71 1.0 2.34 0.47 1.84 2.03 0 0 1.23 4.8 0 1.04 0 1.6 3.67 0.65 
37 3.01 3.58 0.43 0.82 0 0 3.11 3.39 0.5 5.18 3.33 0.83 0 1.23 0 0.15 1.72 0 0 0 0.37 0 3.2 0.83 2.31 6.12 2.22 1.79 0 0 0.78 0 0.89 3.39 0 1.37 0.12 0.0 4.89 0.9 1.8 1.88 0.75 0.73 3.14 1.11 1.72 0 1.22 4.99 0 0.65 1.42 0 2.45 1.24 3.33 0.51 0.82 1.96 1.04 0.98 2.82 3.95 0.77 
38 1.02 0.83 2.53 0 1.91 0 0 0.27 0 1.36 0.43 0 0.32 0.57 0 0 1.52 1.6 0 0.9 3.39 3.26 0.95 0.87 2.83 0 0.78 0 0 0 0.67 0.7 0 0 1.02 0 5.27 4.89 0.0 0 1.42 1.0 7.73 7.1 1.21 2.22 0 1.99 0 2.71 1.29 1.97 0.47 0.74 0 0 0 2.59 0 0 3.94 0 3.02 0 2.66 
39 0 0 0 0 1.79 0 0.43 0 1.79 0.25 0.68 0.98 0 0 0 2.96 0 0 0 0 0 3.02 1.84 0 0.47 0 0.66 1.41 0 0 1.41 0 0.62 0.52 1.09 1.6 3.39 0.9 0 0.0 0 2.83 6.08 0.72 0.59 2.22 0 0 2.59 0 0.92 0.82 1.97 0.42 0 0 0 2.96 0.17 1.56 4.0 0 1.56 0.52 3.51 
40 0.55 1.79 0 0 1.98 3.67 0.27 1.23 0.42 0.55 0 0.48 0 4.43 0 0.68 0 0 0.82 1.25 3.08 0 3.48 0 0.94 1.17 0.68 0 0 1.97 0 1.6 0.31 1.29 0 0.98 0 1.8 1.42 0 0.0 4.69 1.52 2.09 0 2.63 2.79 2.46 0 1.29 0.99 0.68 0.43 0 0 0 2.09 2.53 0.23 2.59 2.23 0 0 0 2.9 
41 2.22 0.68 0.98 1.13 4.69 4.05 0 1.96 1.99 4.14 3.45 2.5 3.86 3.26 2.5 6.33 0.35 1.33 4.94 0.97 3.33 0 0 1.04 1.02 2.9 1.6 0.77 0.38 3.86 0.53 3.76 0 2.28 2.71 5.08 1.64 1.88 1.0 2.83 4.69 0.0 0 0.16 1.97 0 0.77 4.81 3.39 0.82 2.4 1.66 2.83 0 5.65 3.26 0.17 2.07 0 1.24 6.72 1.02 1.11 1.9 0 
42 4.56 0.39 2.26 2.92 0 5.07 3.29 0.83 3.08 0.77 3.51 2.5 3.95 1.99 5.93 4.52 0.86 4.31 0 0 0 0.48 0.68 1.32 2.82 0.83 2.53 0.73 0.33 1.49 1.85 2.5 1.52 2.28 4.05 2.07 0 0.75 7.73 6.08 1.52 0 0.0 0 0.57 0 5.7 2.16 4.18 3.04 0.7 3.55 5.7 0.97 0 3.45 0.55 6.46 6.59 2.89 6.33 1.36 0.99 2.03 0.55 
